# Dos caras elípticas: ancho máximo exterior=0.561500000 m; R=r=0.0175 m
# Centros extremos x=L/2 +/- a*sqrt(1-((y-W/2)/b)^2); interior relleno.
# a=0.263250000000; b=0.322499999000; 19 filas horizontales
0.600000000000 0.017500001000 0.017500000000
0.479399160451 0.053333334222 0.017500000000
0.519599440300 0.053333334222 0.017500000000
0.559799720150 0.053333334222 0.017500000000
0.600000000000 0.053333334222 0.017500000000
0.640200279850 0.053333334222 0.017500000000
0.680400559700 0.053333334222 0.017500000000
0.720600839549 0.053333334222 0.017500000000
0.434537013202 0.089166667444 0.017500000000
0.471306565824 0.089166667444 0.017500000000
0.508076118446 0.089166667444 0.017500000000
0.544845671067 0.089166667444 0.017500000000
0.581615223689 0.089166667444 0.017500000000
0.618384776311 0.089166667444 0.017500000000
0.655154328933 0.089166667444 0.017500000000
0.691923881554 0.089166667444 0.017500000000
0.728693434176 0.089166667444 0.017500000000
0.765462986798 0.089166667444 0.017500000000
0.403785034974 0.125000000667 0.017500000000
0.439460483161 0.125000000667 0.017500000000
0.475135931347 0.125000000667 0.017500000000
0.510811379534 0.125000000667 0.017500000000
0.546486827720 0.125000000667 0.017500000000
0.582162275907 0.125000000667 0.017500000000
0.617837724093 0.125000000667 0.017500000000
0.653513172280 0.125000000667 0.017500000000
0.689188620466 0.125000000667 0.017500000000
0.724864068653 0.125000000667 0.017500000000
0.760539516839 0.125000000667 0.017500000000
0.796214965026 0.125000000667 0.017500000000
0.381113042874 0.160833333889 0.017500000000
0.417594202395 0.160833333889 0.017500000000
0.454075361916 0.160833333889 0.017500000000
0.490556521437 0.160833333889 0.017500000000
0.527037680958 0.160833333889 0.017500000000
0.563518840479 0.160833333889 0.017500000000
0.600000000000 0.160833333889 0.017500000000
0.636481159521 0.160833333889 0.017500000000
0.672962319042 0.160833333889 0.017500000000
0.709443478563 0.160833333889 0.017500000000
0.745924638084 0.160833333889 0.017500000000
0.782405797605 0.160833333889 0.017500000000
0.818886957126 0.160833333889 0.017500000000
0.364178960862 0.196666667111 0.017500000000
0.400459120730 0.196666667111 0.017500000000
0.436739280597 0.196666667111 0.017500000000
0.473019440464 0.196666667111 0.017500000000
0.509299600332 0.196666667111 0.017500000000
0.545579760199 0.196666667111 0.017500000000
0.581859920066 0.196666667111 0.017500000000
0.618140079934 0.196666667111 0.017500000000
0.654420239801 0.196666667111 0.017500000000
0.690700399668 0.196666667111 0.017500000000
0.726980559536 0.196666667111 0.017500000000
0.763260719403 0.196666667111 0.017500000000
0.799540879270 0.196666667111 0.017500000000
0.835821039138 0.196666667111 0.017500000000
0.351805519804 0.232500000333 0.017500000000
0.387261874117 0.232500000333 0.017500000000
0.422718228431 0.232500000333 0.017500000000
0.458174582745 0.232500000333 0.017500000000
0.493630937059 0.232500000333 0.017500000000
0.529087291372 0.232500000333 0.017500000000
0.564543645686 0.232500000333 0.017500000000
0.600000000000 0.232500000333 0.017500000000
0.635456354314 0.232500000333 0.017500000000
0.670912708628 0.232500000333 0.017500000000
0.706369062941 0.232500000333 0.017500000000
0.741825417255 0.232500000333 0.017500000000
0.777281771569 0.232500000333 0.017500000000
0.812738125883 0.232500000333 0.017500000000
0.848194480196 0.232500000333 0.017500000000
0.343332291669 0.268333333556 0.017500000000
0.379999107145 0.268333333556 0.017500000000
0.416665922621 0.268333333556 0.017500000000
0.453332738096 0.268333333556 0.017500000000
0.489999553572 0.268333333556 0.017500000000
0.526666369048 0.268333333556 0.017500000000
0.563333184524 0.268333333556 0.017500000000
0.600000000000 0.268333333556 0.017500000000
0.636666815476 0.268333333556 0.017500000000
0.673333630952 0.268333333556 0.017500000000
0.710000446428 0.268333333556 0.017500000000
0.746667261904 0.268333333556 0.017500000000
0.783334077379 0.268333333556 0.017500000000
0.820000892855 0.268333333556 0.017500000000
0.856667708331 0.268333333556 0.017500000000
0.338380046633 0.304166666778 0.017500000000
0.375754325685 0.304166666778 0.017500000000
0.413128604738 0.304166666778 0.017500000000
0.450502883790 0.304166666778 0.017500000000
0.487877162843 0.304166666778 0.017500000000
0.525251441895 0.304166666778 0.017500000000
0.562625720948 0.304166666778 0.017500000000
0.600000000000 0.304166666778 0.017500000000
0.637374279052 0.304166666778 0.017500000000
0.674748558105 0.304166666778 0.017500000000
0.712122837157 0.304166666778 0.017500000000
0.749497116210 0.304166666778 0.017500000000
0.786871395262 0.304166666778 0.017500000000
0.824245674315 0.304166666778 0.017500000000
0.861619953367 0.304166666778 0.017500000000
0.336750000000 0.340000000000 0.017500000000
0.371850000000 0.340000000000 0.017500000000
0.406950000000 0.340000000000 0.017500000000
0.442050000000 0.340000000000 0.017500000000
0.477150000000 0.340000000000 0.017500000000
0.512250000000 0.340000000000 0.017500000000
0.547350000000 0.340000000000 0.017500000000
0.582450000000 0.340000000000 0.017500000000
0.617550000000 0.340000000000 0.017500000000
0.652650000000 0.340000000000 0.017500000000
0.687750000000 0.340000000000 0.017500000000
0.722850000000 0.340000000000 0.017500000000
0.757950000000 0.340000000000 0.017500000000
0.793050000000 0.340000000000 0.017500000000
0.828150000000 0.340000000000 0.017500000000
0.863250000000 0.340000000000 0.017500000000
0.338380046633 0.375833333222 0.017500000000
0.375754325685 0.375833333222 0.017500000000
0.413128604738 0.375833333222 0.017500000000
0.450502883790 0.375833333222 0.017500000000
0.487877162843 0.375833333222 0.017500000000
0.525251441895 0.375833333222 0.017500000000
0.562625720948 0.375833333222 0.017500000000
0.600000000000 0.375833333222 0.017500000000
0.637374279052 0.375833333222 0.017500000000
0.674748558105 0.375833333222 0.017500000000
0.712122837157 0.375833333222 0.017500000000
0.749497116210 0.375833333222 0.017500000000
0.786871395262 0.375833333222 0.017500000000
0.824245674315 0.375833333222 0.017500000000
0.861619953367 0.375833333222 0.017500000000
0.343332291669 0.411666666444 0.017500000000
0.379999107145 0.411666666444 0.017500000000
0.416665922621 0.411666666444 0.017500000000
0.453332738096 0.411666666444 0.017500000000
0.489999553572 0.411666666444 0.017500000000
0.526666369048 0.411666666444 0.017500000000
0.563333184524 0.411666666444 0.017500000000
0.600000000000 0.411666666444 0.017500000000
0.636666815476 0.411666666444 0.017500000000
0.673333630952 0.411666666444 0.017500000000
0.710000446428 0.411666666444 0.017500000000
0.746667261904 0.411666666444 0.017500000000
0.783334077379 0.411666666444 0.017500000000
0.820000892855 0.411666666444 0.017500000000
0.856667708331 0.411666666444 0.017500000000
0.351805519804 0.447499999667 0.017500000000
0.387261874117 0.447499999667 0.017500000000
0.422718228431 0.447499999667 0.017500000000
0.458174582745 0.447499999667 0.017500000000
0.493630937059 0.447499999667 0.017500000000
0.529087291372 0.447499999667 0.017500000000
0.564543645686 0.447499999667 0.017500000000
0.600000000000 0.447499999667 0.017500000000
0.635456354314 0.447499999667 0.017500000000
0.670912708628 0.447499999667 0.017500000000
0.706369062941 0.447499999667 0.017500000000
0.741825417255 0.447499999667 0.017500000000
0.777281771569 0.447499999667 0.017500000000
0.812738125883 0.447499999667 0.017500000000
0.848194480196 0.447499999667 0.017500000000
0.364178960862 0.483333332889 0.017500000000
0.400459120730 0.483333332889 0.017500000000
0.436739280597 0.483333332889 0.017500000000
0.473019440464 0.483333332889 0.017500000000
0.509299600332 0.483333332889 0.017500000000
0.545579760199 0.483333332889 0.017500000000
0.581859920066 0.483333332889 0.017500000000
0.618140079934 0.483333332889 0.017500000000
0.654420239801 0.483333332889 0.017500000000
0.690700399668 0.483333332889 0.017500000000
0.726980559536 0.483333332889 0.017500000000
0.763260719403 0.483333332889 0.017500000000
0.799540879270 0.483333332889 0.017500000000
0.835821039138 0.483333332889 0.017500000000
0.381113042874 0.519166666111 0.017500000000
0.417594202395 0.519166666111 0.017500000000
0.454075361916 0.519166666111 0.017500000000
0.490556521437 0.519166666111 0.017500000000
0.527037680958 0.519166666111 0.017500000000
0.563518840479 0.519166666111 0.017500000000
0.600000000000 0.519166666111 0.017500000000
0.636481159521 0.519166666111 0.017500000000
0.672962319042 0.519166666111 0.017500000000
0.709443478563 0.519166666111 0.017500000000
0.745924638084 0.519166666111 0.017500000000
0.782405797605 0.519166666111 0.017500000000
0.818886957126 0.519166666111 0.017500000000
0.403785034974 0.554999999333 0.017500000000
0.439460483161 0.554999999333 0.017500000000
0.475135931347 0.554999999333 0.017500000000
0.510811379534 0.554999999333 0.017500000000
0.546486827720 0.554999999333 0.017500000000
0.582162275907 0.554999999333 0.017500000000
0.617837724093 0.554999999333 0.017500000000
0.653513172280 0.554999999333 0.017500000000
0.689188620466 0.554999999333 0.017500000000
0.724864068653 0.554999999333 0.017500000000
0.760539516839 0.554999999333 0.017500000000
0.796214965026 0.554999999333 0.017500000000
0.434537013202 0.590833332556 0.017500000000
0.471306565824 0.590833332556 0.017500000000
0.508076118446 0.590833332556 0.017500000000
0.544845671067 0.590833332556 0.017500000000
0.581615223689 0.590833332556 0.017500000000
0.618384776311 0.590833332556 0.017500000000
0.655154328933 0.590833332556 0.017500000000
0.691923881554 0.590833332556 0.017500000000
0.728693434176 0.590833332556 0.017500000000
0.765462986798 0.590833332556 0.017500000000
0.479399160451 0.626666665778 0.017500000000
0.519599440300 0.626666665778 0.017500000000
0.559799720150 0.626666665778 0.017500000000
0.600000000000 0.626666665778 0.017500000000
0.640200279850 0.626666665778 0.017500000000
0.680400559700 0.626666665778 0.017500000000
0.720600839549 0.626666665778 0.017500000000
0.600000000000 0.662499999000 0.017500000000
