# Dos caras elípticas: ancho máximo exterior=0.421100000 m; R=r=0.0175 m
# Centros extremos x=L/2 +/- a*sqrt(1-((y-W/2)/b)^2); interior relleno.
# a=0.193050000000; b=0.322499999000; 19 filas horizontales
0.600000000000 0.017500001000 0.017500000000
0.511559384331 0.053333334222 0.017500000000
0.546935630598 0.053333334222 0.017500000000
0.582311876866 0.053333334222 0.017500000000
0.617688123134 0.053333334222 0.017500000000
0.653064369402 0.053333334222 0.017500000000
0.688440615669 0.053333334222 0.017500000000
0.478660476348 0.089166667444 0.017500000000
0.519106984232 0.089166667444 0.017500000000
0.559553492116 0.089166667444 0.017500000000
0.600000000000 0.089166667444 0.017500000000
0.640446507884 0.089166667444 0.017500000000
0.680893015768 0.089166667444 0.017500000000
0.721339523652 0.089166667444 0.017500000000
0.456109025648 0.125000000667 0.017500000000
0.492081769236 0.125000000667 0.017500000000
0.528054512824 0.125000000667 0.017500000000
0.564027256412 0.125000000667 0.017500000000
0.600000000000 0.125000000667 0.017500000000
0.635972743588 0.125000000667 0.017500000000
0.671945487176 0.125000000667 0.017500000000
0.707918230764 0.125000000667 0.017500000000
0.743890974352 0.125000000667 0.017500000000
0.439482898107 0.160833333889 0.017500000000
0.475153365195 0.160833333889 0.017500000000
0.510823832282 0.160833333889 0.017500000000
0.546494299369 0.160833333889 0.017500000000
0.582164766456 0.160833333889 0.017500000000
0.617835233544 0.160833333889 0.017500000000
0.653505700631 0.160833333889 0.017500000000
0.689176167718 0.160833333889 0.017500000000
0.724846634805 0.160833333889 0.017500000000
0.760517101893 0.160833333889 0.017500000000
0.427064571299 0.196666667111 0.017500000000
0.465494666566 0.196666667111 0.017500000000
0.503924761833 0.196666667111 0.017500000000
0.542354857100 0.196666667111 0.017500000000
0.580784952367 0.196666667111 0.017500000000
0.619215047633 0.196666667111 0.017500000000
0.657645142900 0.196666667111 0.017500000000
0.696075238167 0.196666667111 0.017500000000
0.734505333434 0.196666667111 0.017500000000
0.772935428701 0.196666667111 0.017500000000
0.417990714523 0.232500000333 0.017500000000
0.454392571618 0.232500000333 0.017500000000
0.490794428714 0.232500000333 0.017500000000
0.527196285809 0.232500000333 0.017500000000
0.563598142905 0.232500000333 0.017500000000
0.600000000000 0.232500000333 0.017500000000
0.636401857095 0.232500000333 0.017500000000
0.672803714191 0.232500000333 0.017500000000
0.709205571286 0.232500000333 0.017500000000
0.745607428382 0.232500000333 0.017500000000
0.782009285477 0.232500000333 0.017500000000
0.411777013890 0.268333333556 0.017500000000
0.449421611112 0.268333333556 0.017500000000
0.487066208334 0.268333333556 0.017500000000
0.524710805556 0.268333333556 0.017500000000
0.562355402778 0.268333333556 0.017500000000
0.600000000000 0.268333333556 0.017500000000
0.637644597222 0.268333333556 0.017500000000
0.675289194444 0.268333333556 0.017500000000
0.712933791666 0.268333333556 0.017500000000
0.750578388888 0.268333333556 0.017500000000
0.788222986110 0.268333333556 0.017500000000
0.408145367531 0.304166666778 0.017500000000
0.446516294024 0.304166666778 0.017500000000
0.484887220518 0.304166666778 0.017500000000
0.523258147012 0.304166666778 0.017500000000
0.561629073506 0.304166666778 0.017500000000
0.600000000000 0.304166666778 0.017500000000
0.638370926494 0.304166666778 0.017500000000
0.676741852988 0.304166666778 0.017500000000
0.715112779482 0.304166666778 0.017500000000
0.753483705976 0.304166666778 0.017500000000
0.791854632469 0.304166666778 0.017500000000
0.406950000000 0.340000000000 0.017500000000
0.442050000000 0.340000000000 0.017500000000
0.477150000000 0.340000000000 0.017500000000
0.512250000000 0.340000000000 0.017500000000
0.547350000000 0.340000000000 0.017500000000
0.582450000000 0.340000000000 0.017500000000
0.617550000000 0.340000000000 0.017500000000
0.652650000000 0.340000000000 0.017500000000
0.687750000000 0.340000000000 0.017500000000
0.722850000000 0.340000000000 0.017500000000
0.757950000000 0.340000000000 0.017500000000
0.793050000000 0.340000000000 0.017500000000
0.408145367531 0.375833333222 0.017500000000
0.446516294024 0.375833333222 0.017500000000
0.484887220518 0.375833333222 0.017500000000
0.523258147012 0.375833333222 0.017500000000
0.561629073506 0.375833333222 0.017500000000
0.600000000000 0.375833333222 0.017500000000
0.638370926494 0.375833333222 0.017500000000
0.676741852988 0.375833333222 0.017500000000
0.715112779482 0.375833333222 0.017500000000
0.753483705976 0.375833333222 0.017500000000
0.791854632469 0.375833333222 0.017500000000
0.411777013890 0.411666666444 0.017500000000
0.449421611112 0.411666666444 0.017500000000
0.487066208334 0.411666666444 0.017500000000
0.524710805556 0.411666666444 0.017500000000
0.562355402778 0.411666666444 0.017500000000
0.600000000000 0.411666666444 0.017500000000
0.637644597222 0.411666666444 0.017500000000
0.675289194444 0.411666666444 0.017500000000
0.712933791666 0.411666666444 0.017500000000
0.750578388888 0.411666666444 0.017500000000
0.788222986110 0.411666666444 0.017500000000
0.417990714523 0.447499999667 0.017500000000
0.454392571618 0.447499999667 0.017500000000
0.490794428714 0.447499999667 0.017500000000
0.527196285809 0.447499999667 0.017500000000
0.563598142905 0.447499999667 0.017500000000
0.600000000000 0.447499999667 0.017500000000
0.636401857095 0.447499999667 0.017500000000
0.672803714191 0.447499999667 0.017500000000
0.709205571286 0.447499999667 0.017500000000
0.745607428382 0.447499999667 0.017500000000
0.782009285477 0.447499999667 0.017500000000
0.427064571299 0.483333332889 0.017500000000
0.465494666566 0.483333332889 0.017500000000
0.503924761833 0.483333332889 0.017500000000
0.542354857100 0.483333332889 0.017500000000
0.580784952367 0.483333332889 0.017500000000
0.619215047633 0.483333332889 0.017500000000
0.657645142900 0.483333332889 0.017500000000
0.696075238167 0.483333332889 0.017500000000
0.734505333434 0.483333332889 0.017500000000
0.772935428701 0.483333332889 0.017500000000
0.439482898107 0.519166666111 0.017500000000
0.475153365195 0.519166666111 0.017500000000
0.510823832282 0.519166666111 0.017500000000
0.546494299369 0.519166666111 0.017500000000
0.582164766456 0.519166666111 0.017500000000
0.617835233544 0.519166666111 0.017500000000
0.653505700631 0.519166666111 0.017500000000
0.689176167718 0.519166666111 0.017500000000
0.724846634805 0.519166666111 0.017500000000
0.760517101893 0.519166666111 0.017500000000
0.456109025648 0.554999999333 0.017500000000
0.492081769236 0.554999999333 0.017500000000
0.528054512824 0.554999999333 0.017500000000
0.564027256412 0.554999999333 0.017500000000
0.600000000000 0.554999999333 0.017500000000
0.635972743588 0.554999999333 0.017500000000
0.671945487176 0.554999999333 0.017500000000
0.707918230764 0.554999999333 0.017500000000
0.743890974352 0.554999999333 0.017500000000
0.478660476348 0.590833332556 0.017500000000
0.519106984232 0.590833332556 0.017500000000
0.559553492116 0.590833332556 0.017500000000
0.600000000000 0.590833332556 0.017500000000
0.640446507884 0.590833332556 0.017500000000
0.680893015768 0.590833332556 0.017500000000
0.721339523652 0.590833332556 0.017500000000
0.511559384331 0.626666665778 0.017500000000
0.546935630598 0.626666665778 0.017500000000
0.582311876866 0.626666665778 0.017500000000
0.617688123134 0.626666665778 0.017500000000
0.653064369402 0.626666665778 0.017500000000
0.688440615669 0.626666665778 0.017500000000
0.600000000000 0.662499999000 0.017500000000
