# Dos caras elípticas: ancho máximo exterior=0.350900000 m; R=r=0.0175 m
# Centros extremos x=L/2 +/- a*sqrt(1-((y-W/2)/b)^2); interior relleno.
# a=0.157950000000; b=0.322499999000; 19 filas horizontales
0.600000000000 0.017500001000 0.017500000000
0.527639496270 0.053333334222 0.017500000000
0.563819748135 0.053333334222 0.017500000000
0.600000000000 0.053333334222 0.017500000000
0.636180251865 0.053333334222 0.017500000000
0.672360503730 0.053333334222 0.017500000000
0.500722207921 0.089166667444 0.017500000000
0.540433324753 0.089166667444 0.017500000000
0.580144441584 0.089166667444 0.017500000000
0.619855558416 0.089166667444 0.017500000000
0.659566675247 0.089166667444 0.017500000000
0.699277792079 0.089166667444 0.017500000000
0.482271020985 0.125000000667 0.017500000000
0.521514013990 0.125000000667 0.017500000000
0.560757006995 0.125000000667 0.017500000000
0.600000000000 0.125000000667 0.017500000000
0.639242993005 0.125000000667 0.017500000000
0.678485986010 0.125000000667 0.017500000000
0.717728979015 0.125000000667 0.017500000000
0.468667825724 0.160833333889 0.017500000000
0.506191304089 0.160833333889 0.017500000000
0.543714782453 0.160833333889 0.017500000000
0.581238260818 0.160833333889 0.017500000000
0.618761739182 0.160833333889 0.017500000000
0.656285217547 0.160833333889 0.017500000000
0.693808695911 0.160833333889 0.017500000000
0.731332174276 0.160833333889 0.017500000000
0.458507376517 0.196666667111 0.017500000000
0.493880532388 0.196666667111 0.017500000000
0.529253688259 0.196666667111 0.017500000000
0.564626844129 0.196666667111 0.017500000000
0.600000000000 0.196666667111 0.017500000000
0.635373155871 0.196666667111 0.017500000000
0.670746311741 0.196666667111 0.017500000000
0.706119467612 0.196666667111 0.017500000000
0.741492623483 0.196666667111 0.017500000000
0.451083311882 0.232500000333 0.017500000000
0.488312483912 0.232500000333 0.017500000000
0.525541655941 0.232500000333 0.017500000000
0.562770827971 0.232500000333 0.017500000000
0.600000000000 0.232500000333 0.017500000000
0.637229172029 0.232500000333 0.017500000000
0.674458344059 0.232500000333 0.017500000000
0.711687516088 0.232500000333 0.017500000000
0.748916688118 0.232500000333 0.017500000000
0.445999375001 0.268333333556 0.017500000000
0.484499531251 0.268333333556 0.017500000000
0.522999687501 0.268333333556 0.017500000000
0.561499843750 0.268333333556 0.017500000000
0.600000000000 0.268333333556 0.017500000000
0.638500156250 0.268333333556 0.017500000000
0.677000312499 0.268333333556 0.017500000000
0.715500468749 0.268333333556 0.017500000000
0.754000624999 0.268333333556 0.017500000000
0.443028027980 0.304166666778 0.017500000000
0.482271020985 0.304166666778 0.017500000000
0.521514013990 0.304166666778 0.017500000000
0.560757006995 0.304166666778 0.017500000000
0.600000000000 0.304166666778 0.017500000000
0.639242993005 0.304166666778 0.017500000000
0.678485986010 0.304166666778 0.017500000000
0.717728979015 0.304166666778 0.017500000000
0.756971972020 0.304166666778 0.017500000000
0.442050000000 0.340000000000 0.017500000000
0.477150000000 0.340000000000 0.017500000000
0.512250000000 0.340000000000 0.017500000000
0.547350000000 0.340000000000 0.017500000000
0.582450000000 0.340000000000 0.017500000000
0.617550000000 0.340000000000 0.017500000000
0.652650000000 0.340000000000 0.017500000000
0.687750000000 0.340000000000 0.017500000000
0.722850000000 0.340000000000 0.017500000000
0.757950000000 0.340000000000 0.017500000000
0.443028027980 0.375833333222 0.017500000000
0.482271020985 0.375833333222 0.017500000000
0.521514013990 0.375833333222 0.017500000000
0.560757006995 0.375833333222 0.017500000000
0.600000000000 0.375833333222 0.017500000000
0.639242993005 0.375833333222 0.017500000000
0.678485986010 0.375833333222 0.017500000000
0.717728979015 0.375833333222 0.017500000000
0.756971972020 0.375833333222 0.017500000000
0.445999375001 0.411666666444 0.017500000000
0.484499531251 0.411666666444 0.017500000000
0.522999687501 0.411666666444 0.017500000000
0.561499843750 0.411666666444 0.017500000000
0.600000000000 0.411666666444 0.017500000000
0.638500156250 0.411666666444 0.017500000000
0.677000312499 0.411666666444 0.017500000000
0.715500468749 0.411666666444 0.017500000000
0.754000624999 0.411666666444 0.017500000000
0.451083311882 0.447499999667 0.017500000000
0.488312483912 0.447499999667 0.017500000000
0.525541655941 0.447499999667 0.017500000000
0.562770827971 0.447499999667 0.017500000000
0.600000000000 0.447499999667 0.017500000000
0.637229172029 0.447499999667 0.017500000000
0.674458344059 0.447499999667 0.017500000000
0.711687516088 0.447499999667 0.017500000000
0.748916688118 0.447499999667 0.017500000000
0.458507376517 0.483333332889 0.017500000000
0.493880532388 0.483333332889 0.017500000000
0.529253688259 0.483333332889 0.017500000000
0.564626844129 0.483333332889 0.017500000000
0.600000000000 0.483333332889 0.017500000000
0.635373155871 0.483333332889 0.017500000000
0.670746311741 0.483333332889 0.017500000000
0.706119467612 0.483333332889 0.017500000000
0.741492623483 0.483333332889 0.017500000000
0.468667825724 0.519166666111 0.017500000000
0.506191304089 0.519166666111 0.017500000000
0.543714782453 0.519166666111 0.017500000000
0.581238260818 0.519166666111 0.017500000000
0.618761739182 0.519166666111 0.017500000000
0.656285217547 0.519166666111 0.017500000000
0.693808695911 0.519166666111 0.017500000000
0.731332174276 0.519166666111 0.017500000000
0.482271020985 0.554999999333 0.017500000000
0.521514013990 0.554999999333 0.017500000000
0.560757006995 0.554999999333 0.017500000000
0.600000000000 0.554999999333 0.017500000000
0.639242993005 0.554999999333 0.017500000000
0.678485986010 0.554999999333 0.017500000000
0.717728979015 0.554999999333 0.017500000000
0.500722207921 0.590833332556 0.017500000000
0.540433324753 0.590833332556 0.017500000000
0.580144441584 0.590833332556 0.017500000000
0.619855558416 0.590833332556 0.017500000000
0.659566675247 0.590833332556 0.017500000000
0.699277792079 0.590833332556 0.017500000000
0.527639496270 0.626666665778 0.017500000000
0.563819748135 0.626666665778 0.017500000000
0.600000000000 0.626666665778 0.017500000000
0.636180251865 0.626666665778 0.017500000000
0.672360503730 0.626666665778 0.017500000000
0.600000000000 0.662499999000 0.017500000000
