# Dos caras elípticas: ancho máximo exterior=0.210500000 m; R=r=0.0175 m
# Centros extremos x=L/2 +/- a*sqrt(1-((y-W/2)/b)^2); interior relleno.
# a=0.087750000000; b=0.322499999000; 19 filas horizontales
0.600000000000 0.017500001000 0.017500000000
0.559799720150 0.053333334222 0.017500000000
0.600000000000 0.053333334222 0.017500000000
0.640200279850 0.053333334222 0.017500000000
0.544845671067 0.089166667444 0.017500000000
0.581615223689 0.089166667444 0.017500000000
0.618384776311 0.089166667444 0.017500000000
0.655154328933 0.089166667444 0.017500000000
0.534595011658 0.125000000667 0.017500000000
0.578198337219 0.125000000667 0.017500000000
0.621801662781 0.125000000667 0.017500000000
0.665404988342 0.125000000667 0.017500000000
0.527037680958 0.160833333889 0.017500000000
0.563518840479 0.160833333889 0.017500000000
0.600000000000 0.160833333889 0.017500000000
0.636481159521 0.160833333889 0.017500000000
0.672962319042 0.160833333889 0.017500000000
0.521392986954 0.196666667111 0.017500000000
0.560696493477 0.196666667111 0.017500000000
0.600000000000 0.196666667111 0.017500000000
0.639303506523 0.196666667111 0.017500000000
0.678607013046 0.196666667111 0.017500000000
0.517268506601 0.232500000333 0.017500000000
0.558634253301 0.232500000333 0.017500000000
0.600000000000 0.232500000333 0.017500000000
0.641365746699 0.232500000333 0.017500000000
0.682731493399 0.232500000333 0.017500000000
0.514444097223 0.268333333556 0.017500000000
0.557222048611 0.268333333556 0.017500000000
0.600000000000 0.268333333556 0.017500000000
0.642777951389 0.268333333556 0.017500000000
0.685555902777 0.268333333556 0.017500000000
0.512793348878 0.304166666778 0.017500000000
0.556396674439 0.304166666778 0.017500000000
0.600000000000 0.304166666778 0.017500000000
0.643603325561 0.304166666778 0.017500000000
0.687206651122 0.304166666778 0.017500000000
0.512250000000 0.340000000000 0.017500000000
0.547350000000 0.340000000000 0.017500000000
0.582450000000 0.340000000000 0.017500000000
0.617550000000 0.340000000000 0.017500000000
0.652650000000 0.340000000000 0.017500000000
0.687750000000 0.340000000000 0.017500000000
0.512793348878 0.375833333222 0.017500000000
0.556396674439 0.375833333222 0.017500000000
0.600000000000 0.375833333222 0.017500000000
0.643603325561 0.375833333222 0.017500000000
0.687206651122 0.375833333222 0.017500000000
0.514444097223 0.411666666444 0.017500000000
0.557222048611 0.411666666444 0.017500000000
0.600000000000 0.411666666444 0.017500000000
0.642777951389 0.411666666444 0.017500000000
0.685555902777 0.411666666444 0.017500000000
0.517268506601 0.447499999667 0.017500000000
0.558634253301 0.447499999667 0.017500000000
0.600000000000 0.447499999667 0.017500000000
0.641365746699 0.447499999667 0.017500000000
0.682731493399 0.447499999667 0.017500000000
0.521392986954 0.483333332889 0.017500000000
0.560696493477 0.483333332889 0.017500000000
0.600000000000 0.483333332889 0.017500000000
0.639303506523 0.483333332889 0.017500000000
0.678607013046 0.483333332889 0.017500000000
0.527037680958 0.519166666111 0.017500000000
0.563518840479 0.519166666111 0.017500000000
0.600000000000 0.519166666111 0.017500000000
0.636481159521 0.519166666111 0.017500000000
0.672962319042 0.519166666111 0.017500000000
0.534595011658 0.554999999333 0.017500000000
0.578198337219 0.554999999333 0.017500000000
0.621801662781 0.554999999333 0.017500000000
0.665404988342 0.554999999333 0.017500000000
0.544845671067 0.590833332556 0.017500000000
0.581615223689 0.590833332556 0.017500000000
0.618384776311 0.590833332556 0.017500000000
0.655154328933 0.590833332556 0.017500000000
0.559799720150 0.626666665778 0.017500000000
0.600000000000 0.626666665778 0.017500000000
0.640200279850 0.626666665778 0.017500000000
0.600000000000 0.662499999000 0.017500000000
