# Dos caras elípticas: ancho máximo exterior=0.140300000 m; R=r=0.0175 m
# Centros extremos x=L/2 +/- a*sqrt(1-((y-W/2)/b)^2); interior relleno.
# a=0.052650000000; b=0.322499999000; 19 filas horizontales
0.600000000000 0.017500001000 0.017500000000
0.575879832090 0.053333334222 0.017500000000
0.624120167910 0.053333334222 0.017500000000
0.566907402640 0.089166667444 0.017500000000
0.633092597360 0.089166667444 0.017500000000
0.560757006995 0.125000000667 0.017500000000
0.600000000000 0.125000000667 0.017500000000
0.639242993005 0.125000000667 0.017500000000
0.556222608575 0.160833333889 0.017500000000
0.600000000000 0.160833333889 0.017500000000
0.643777391425 0.160833333889 0.017500000000
0.552835792172 0.196666667111 0.017500000000
0.600000000000 0.196666667111 0.017500000000
0.647164207828 0.196666667111 0.017500000000
0.550361103961 0.232500000333 0.017500000000
0.600000000000 0.232500000333 0.017500000000
0.649638896039 0.232500000333 0.017500000000
0.548666458334 0.268333333556 0.017500000000
0.600000000000 0.268333333556 0.017500000000
0.651333541666 0.268333333556 0.017500000000
0.547676009327 0.304166666778 0.017500000000
0.600000000000 0.304166666778 0.017500000000
0.652323990673 0.304166666778 0.017500000000
0.547350000000 0.340000000000 0.017500000000
0.582450000000 0.340000000000 0.017500000000
0.617550000000 0.340000000000 0.017500000000
0.652650000000 0.340000000000 0.017500000000
0.547676009327 0.375833333222 0.017500000000
0.600000000000 0.375833333222 0.017500000000
0.652323990673 0.375833333222 0.017500000000
0.548666458334 0.411666666444 0.017500000000
0.600000000000 0.411666666444 0.017500000000
0.651333541666 0.411666666444 0.017500000000
0.550361103961 0.447499999667 0.017500000000
0.600000000000 0.447499999667 0.017500000000
0.649638896039 0.447499999667 0.017500000000
0.552835792172 0.483333332889 0.017500000000
0.600000000000 0.483333332889 0.017500000000
0.647164207828 0.483333332889 0.017500000000
0.556222608575 0.519166666111 0.017500000000
0.600000000000 0.519166666111 0.017500000000
0.643777391425 0.519166666111 0.017500000000
0.560757006995 0.554999999333 0.017500000000
0.600000000000 0.554999999333 0.017500000000
0.639242993005 0.554999999333 0.017500000000
0.566907402640 0.590833332556 0.017500000000
0.633092597360 0.590833332556 0.017500000000
0.575879832090 0.626666665778 0.017500000000
0.624120167910 0.626666665778 0.017500000000
0.600000000000 0.662499999000 0.017500000000
