# Dos caras elípticas: ancho máximo exterior=0.701900000 m; R=r=0.0175 m
# Centros extremos x=L/2 +/- a*sqrt(1-((y-W/2)/b)^2); interior relleno.
# a=0.333450000000; b=0.322499999000; 19 filas horizontales
0.600000000000 0.017500001000 0.017500000000
0.447238936571 0.053333334222 0.017500000000
0.485429202428 0.053333334222 0.017500000000
0.523619468285 0.053333334222 0.017500000000
0.561809734143 0.053333334222 0.017500000000
0.600000000000 0.053333334222 0.017500000000
0.638190265857 0.053333334222 0.017500000000
0.676380531715 0.053333334222 0.017500000000
0.714570797572 0.053333334222 0.017500000000
0.752761063429 0.053333334222 0.017500000000
0.390413550056 0.089166667444 0.017500000000
0.428520177319 0.089166667444 0.017500000000
0.466626804581 0.089166667444 0.017500000000
0.504733431844 0.089166667444 0.017500000000
0.542840059106 0.089166667444 0.017500000000
0.580946686369 0.089166667444 0.017500000000
0.619053313631 0.089166667444 0.017500000000
0.657159940894 0.089166667444 0.017500000000
0.695266568156 0.089166667444 0.017500000000
0.733373195419 0.089166667444 0.017500000000
0.771479822681 0.089166667444 0.017500000000
0.809586449944 0.089166667444 0.017500000000
0.351461044301 0.125000000667 0.017500000000
0.386966609401 0.125000000667 0.017500000000
0.422472174501 0.125000000667 0.017500000000
0.457977739601 0.125000000667 0.017500000000
0.493483304700 0.125000000667 0.017500000000
0.528988869800 0.125000000667 0.017500000000
0.564494434900 0.125000000667 0.017500000000
0.600000000000 0.125000000667 0.017500000000
0.635505565100 0.125000000667 0.017500000000
0.671011130200 0.125000000667 0.017500000000
0.706516695300 0.125000000667 0.017500000000
0.742022260399 0.125000000667 0.017500000000
0.777527825499 0.125000000667 0.017500000000
0.813033390599 0.125000000667 0.017500000000
0.848538955699 0.125000000667 0.017500000000
0.322743187640 0.160833333889 0.017500000000
0.359710762621 0.160833333889 0.017500000000
0.396678337603 0.160833333889 0.017500000000
0.433645912584 0.160833333889 0.017500000000
0.470613487565 0.160833333889 0.017500000000
0.507581062547 0.160833333889 0.017500000000
0.544548637528 0.160833333889 0.017500000000
0.581516212509 0.160833333889 0.017500000000
0.618483787491 0.160833333889 0.017500000000
0.655451362472 0.160833333889 0.017500000000
0.692418937453 0.160833333889 0.017500000000
0.729386512435 0.160833333889 0.017500000000
0.766354087416 0.160833333889 0.017500000000
0.803321662397 0.160833333889 0.017500000000
0.840289237379 0.160833333889 0.017500000000
0.877256812360 0.160833333889 0.017500000000
0.301293350426 0.196666667111 0.017500000000
0.336435309199 0.196666667111 0.017500000000
0.371577267972 0.196666667111 0.017500000000
0.406719226746 0.196666667111 0.017500000000
0.441861185519 0.196666667111 0.017500000000
0.477003144293 0.196666667111 0.017500000000
0.512145103066 0.196666667111 0.017500000000
0.547287061840 0.196666667111 0.017500000000
0.582429020613 0.196666667111 0.017500000000
0.617570979387 0.196666667111 0.017500000000
0.652712938160 0.196666667111 0.017500000000
0.687854896934 0.196666667111 0.017500000000
0.722996855707 0.196666667111 0.017500000000
0.758138814481 0.196666667111 0.017500000000
0.793280773254 0.196666667111 0.017500000000
0.828422732028 0.196666667111 0.017500000000
0.863564690801 0.196666667111 0.017500000000
0.898706649574 0.196666667111 0.017500000000
0.285620325084 0.232500000333 0.017500000000
0.322606169192 0.232500000333 0.017500000000
0.359592013300 0.232500000333 0.017500000000
0.396577857408 0.232500000333 0.017500000000
0.433563701515 0.232500000333 0.017500000000
0.470549545623 0.232500000333 0.017500000000
0.507535389731 0.232500000333 0.017500000000
0.544521233838 0.232500000333 0.017500000000
0.581507077946 0.232500000333 0.017500000000
0.618492922054 0.232500000333 0.017500000000
0.655478766162 0.232500000333 0.017500000000
0.692464610269 0.232500000333 0.017500000000
0.729450454377 0.232500000333 0.017500000000
0.766436298485 0.232500000333 0.017500000000
0.803422142592 0.232500000333 0.017500000000
0.840407986700 0.232500000333 0.017500000000
0.877393830808 0.232500000333 0.017500000000
0.914379674916 0.232500000333 0.017500000000
0.274887569447 0.268333333556 0.017500000000
0.311011172842 0.268333333556 0.017500000000
0.347134776237 0.268333333556 0.017500000000
0.383258379631 0.268333333556 0.017500000000
0.419381983026 0.268333333556 0.017500000000
0.455505586421 0.268333333556 0.017500000000
0.491629189816 0.268333333556 0.017500000000
0.527752793210 0.268333333556 0.017500000000
0.563876396605 0.268333333556 0.017500000000
0.600000000000 0.268333333556 0.017500000000
0.636123603395 0.268333333556 0.017500000000
0.672247206790 0.268333333556 0.017500000000
0.708370810184 0.268333333556 0.017500000000
0.744494413579 0.268333333556 0.017500000000
0.780618016974 0.268333333556 0.017500000000
0.816741620369 0.268333333556 0.017500000000
0.852865223763 0.268333333556 0.017500000000
0.888988827158 0.268333333556 0.017500000000
0.925112430553 0.268333333556 0.017500000000
0.268614725735 0.304166666778 0.017500000000
0.305435311764 0.304166666778 0.017500000000
0.342255897794 0.304166666778 0.017500000000
0.379076483823 0.304166666778 0.017500000000
0.415897069853 0.304166666778 0.017500000000
0.452717655882 0.304166666778 0.017500000000
0.489538241912 0.304166666778 0.017500000000
0.526358827941 0.304166666778 0.017500000000
0.563179413971 0.304166666778 0.017500000000
0.600000000000 0.304166666778 0.017500000000
0.636820586029 0.304166666778 0.017500000000
0.673641172059 0.304166666778 0.017500000000
0.710461758088 0.304166666778 0.017500000000
0.747282344118 0.304166666778 0.017500000000
0.784102930147 0.304166666778 0.017500000000
0.820923516177 0.304166666778 0.017500000000
0.857744102206 0.304166666778 0.017500000000
0.894564688236 0.304166666778 0.017500000000
0.931385274265 0.304166666778 0.017500000000
0.266550000000 0.340000000000 0.017500000000
0.301650000000 0.340000000000 0.017500000000
0.336750000000 0.340000000000 0.017500000000
0.371850000000 0.340000000000 0.017500000000
0.406950000000 0.340000000000 0.017500000000
0.442050000000 0.340000000000 0.017500000000
0.477150000000 0.340000000000 0.017500000000
0.512250000000 0.340000000000 0.017500000000
0.547350000000 0.340000000000 0.017500000000
0.582450000000 0.340000000000 0.017500000000
0.617550000000 0.340000000000 0.017500000000
0.652650000000 0.340000000000 0.017500000000
0.687750000000 0.340000000000 0.017500000000
0.722850000000 0.340000000000 0.017500000000
0.757950000000 0.340000000000 0.017500000000
0.793050000000 0.340000000000 0.017500000000
0.828150000000 0.340000000000 0.017500000000
0.863250000000 0.340000000000 0.017500000000
0.898350000000 0.340000000000 0.017500000000
0.933450000000 0.340000000000 0.017500000000
0.268614725735 0.375833333222 0.017500000000
0.305435311764 0.375833333222 0.017500000000
0.342255897794 0.375833333222 0.017500000000
0.379076483823 0.375833333222 0.017500000000
0.415897069853 0.375833333222 0.017500000000
0.452717655882 0.375833333222 0.017500000000
0.489538241912 0.375833333222 0.017500000000
0.526358827941 0.375833333222 0.017500000000
0.563179413971 0.375833333222 0.017500000000
0.600000000000 0.375833333222 0.017500000000
0.636820586029 0.375833333222 0.017500000000
0.673641172059 0.375833333222 0.017500000000
0.710461758088 0.375833333222 0.017500000000
0.747282344118 0.375833333222 0.017500000000
0.784102930147 0.375833333222 0.017500000000
0.820923516177 0.375833333222 0.017500000000
0.857744102206 0.375833333222 0.017500000000
0.894564688236 0.375833333222 0.017500000000
0.931385274265 0.375833333222 0.017500000000
0.274887569447 0.411666666444 0.017500000000
0.311011172842 0.411666666444 0.017500000000
0.347134776237 0.411666666444 0.017500000000
0.383258379631 0.411666666444 0.017500000000
0.419381983026 0.411666666444 0.017500000000
0.455505586421 0.411666666444 0.017500000000
0.491629189816 0.411666666444 0.017500000000
0.527752793210 0.411666666444 0.017500000000
0.563876396605 0.411666666444 0.017500000000
0.600000000000 0.411666666444 0.017500000000
0.636123603395 0.411666666444 0.017500000000
0.672247206790 0.411666666444 0.017500000000
0.708370810184 0.411666666444 0.017500000000
0.744494413579 0.411666666444 0.017500000000
0.780618016974 0.411666666444 0.017500000000
0.816741620369 0.411666666444 0.017500000000
0.852865223763 0.411666666444 0.017500000000
0.888988827158 0.411666666444 0.017500000000
0.925112430553 0.411666666444 0.017500000000
0.285620325084 0.447499999667 0.017500000000
0.322606169192 0.447499999667 0.017500000000
0.359592013300 0.447499999667 0.017500000000
0.396577857408 0.447499999667 0.017500000000
0.433563701515 0.447499999667 0.017500000000
0.470549545623 0.447499999667 0.017500000000
0.507535389731 0.447499999667 0.017500000000
0.544521233838 0.447499999667 0.017500000000
0.581507077946 0.447499999667 0.017500000000
0.618492922054 0.447499999667 0.017500000000
0.655478766162 0.447499999667 0.017500000000
0.692464610269 0.447499999667 0.017500000000
0.729450454377 0.447499999667 0.017500000000
0.766436298485 0.447499999667 0.017500000000
0.803422142592 0.447499999667 0.017500000000
0.840407986700 0.447499999667 0.017500000000
0.877393830808 0.447499999667 0.017500000000
0.914379674916 0.447499999667 0.017500000000
0.301293350426 0.483333332889 0.017500000000
0.336435309199 0.483333332889 0.017500000000
0.371577267972 0.483333332889 0.017500000000
0.406719226746 0.483333332889 0.017500000000
0.441861185519 0.483333332889 0.017500000000
0.477003144293 0.483333332889 0.017500000000
0.512145103066 0.483333332889 0.017500000000
0.547287061840 0.483333332889 0.017500000000
0.582429020613 0.483333332889 0.017500000000
0.617570979387 0.483333332889 0.017500000000
0.652712938160 0.483333332889 0.017500000000
0.687854896934 0.483333332889 0.017500000000
0.722996855707 0.483333332889 0.017500000000
0.758138814481 0.483333332889 0.017500000000
0.793280773254 0.483333332889 0.017500000000
0.828422732028 0.483333332889 0.017500000000
0.863564690801 0.483333332889 0.017500000000
0.898706649574 0.483333332889 0.017500000000
0.322743187640 0.519166666111 0.017500000000
0.359710762621 0.519166666111 0.017500000000
0.396678337603 0.519166666111 0.017500000000
0.433645912584 0.519166666111 0.017500000000
0.470613487565 0.519166666111 0.017500000000
0.507581062547 0.519166666111 0.017500000000
0.544548637528 0.519166666111 0.017500000000
0.581516212509 0.519166666111 0.017500000000
0.618483787491 0.519166666111 0.017500000000
0.655451362472 0.519166666111 0.017500000000
0.692418937453 0.519166666111 0.017500000000
0.729386512435 0.519166666111 0.017500000000
0.766354087416 0.519166666111 0.017500000000
0.803321662397 0.519166666111 0.017500000000
0.840289237379 0.519166666111 0.017500000000
0.877256812360 0.519166666111 0.017500000000
0.351461044301 0.554999999333 0.017500000000
0.386966609401 0.554999999333 0.017500000000
0.422472174501 0.554999999333 0.017500000000
0.457977739601 0.554999999333 0.017500000000
0.493483304700 0.554999999333 0.017500000000
0.528988869800 0.554999999333 0.017500000000
0.564494434900 0.554999999333 0.017500000000
0.600000000000 0.554999999333 0.017500000000
0.635505565100 0.554999999333 0.017500000000
0.671011130200 0.554999999333 0.017500000000
0.706516695300 0.554999999333 0.017500000000
0.742022260399 0.554999999333 0.017500000000
0.777527825499 0.554999999333 0.017500000000
0.813033390599 0.554999999333 0.017500000000
0.848538955699 0.554999999333 0.017500000000
0.390413550056 0.590833332556 0.017500000000
0.428520177319 0.590833332556 0.017500000000
0.466626804581 0.590833332556 0.017500000000
0.504733431844 0.590833332556 0.017500000000
0.542840059106 0.590833332556 0.017500000000
0.580946686369 0.590833332556 0.017500000000
0.619053313631 0.590833332556 0.017500000000
0.657159940894 0.590833332556 0.017500000000
0.695266568156 0.590833332556 0.017500000000
0.733373195419 0.590833332556 0.017500000000
0.771479822681 0.590833332556 0.017500000000
0.809586449944 0.590833332556 0.017500000000
0.447238936571 0.626666665778 0.017500000000
0.485429202428 0.626666665778 0.017500000000
0.523619468285 0.626666665778 0.017500000000
0.561809734143 0.626666665778 0.017500000000
0.600000000000 0.626666665778 0.017500000000
0.638190265857 0.626666665778 0.017500000000
0.676380531715 0.626666665778 0.017500000000
0.714570797572 0.626666665778 0.017500000000
0.752761063429 0.626666665778 0.017500000000
0.600000000000 0.662499999000 0.017500000000
