# Dos caras elípticas: ancho máximo exterior=0.280700000 m; R=r=0.0175 m
# Centros extremos x=L/2 +/- a*sqrt(1-((y-W/2)/b)^2); interior relleno.
# a=0.122850000000; b=0.322499999000; 19 filas horizontales
0.600000000000 0.017500001000 0.017500000000
0.543719608210 0.053333334222 0.017500000000
0.581239869403 0.053333334222 0.017500000000
0.618760130597 0.053333334222 0.017500000000
0.656280391790 0.053333334222 0.017500000000
0.522783939494 0.089166667444 0.017500000000
0.561391969747 0.089166667444 0.017500000000
0.600000000000 0.089166667444 0.017500000000
0.638608030253 0.089166667444 0.017500000000
0.677216060506 0.089166667444 0.017500000000
0.508433016321 0.125000000667 0.017500000000
0.545059809793 0.125000000667 0.017500000000
0.581686603264 0.125000000667 0.017500000000
0.618313396736 0.125000000667 0.017500000000
0.654940190207 0.125000000667 0.017500000000
0.691566983679 0.125000000667 0.017500000000
0.497852753341 0.160833333889 0.017500000000
0.538711652005 0.160833333889 0.017500000000
0.579570550668 0.160833333889 0.017500000000
0.620429449332 0.160833333889 0.017500000000
0.661288347995 0.160833333889 0.017500000000
0.702147246659 0.160833333889 0.017500000000
0.489950181736 0.196666667111 0.017500000000
0.526633454490 0.196666667111 0.017500000000
0.563316727245 0.196666667111 0.017500000000
0.600000000000 0.196666667111 0.017500000000
0.636683272755 0.196666667111 0.017500000000
0.673366545510 0.196666667111 0.017500000000
0.710049818264 0.196666667111 0.017500000000
0.484175909242 0.232500000333 0.017500000000
0.522783939494 0.232500000333 0.017500000000
0.561391969747 0.232500000333 0.017500000000
0.600000000000 0.232500000333 0.017500000000
0.638608030253 0.232500000333 0.017500000000
0.677216060506 0.232500000333 0.017500000000
0.715824090758 0.232500000333 0.017500000000
0.480221736112 0.268333333556 0.017500000000
0.520147824075 0.268333333556 0.017500000000
0.560073912037 0.268333333556 0.017500000000
0.600000000000 0.268333333556 0.017500000000
0.639926087963 0.268333333556 0.017500000000
0.679852175925 0.268333333556 0.017500000000
0.719778263888 0.268333333556 0.017500000000
0.477910688429 0.304166666778 0.017500000000
0.518607125619 0.304166666778 0.017500000000
0.559303562810 0.304166666778 0.017500000000
0.600000000000 0.304166666778 0.017500000000
0.640696437190 0.304166666778 0.017500000000
0.681392874381 0.304166666778 0.017500000000
0.722089311571 0.304166666778 0.017500000000
0.477150000000 0.340000000000 0.017500000000
0.512250000000 0.340000000000 0.017500000000
0.547350000000 0.340000000000 0.017500000000
0.582450000000 0.340000000000 0.017500000000
0.617550000000 0.340000000000 0.017500000000
0.652650000000 0.340000000000 0.017500000000
0.687750000000 0.340000000000 0.017500000000
0.722850000000 0.340000000000 0.017500000000
0.477910688429 0.375833333222 0.017500000000
0.518607125619 0.375833333222 0.017500000000
0.559303562810 0.375833333222 0.017500000000
0.600000000000 0.375833333222 0.017500000000
0.640696437190 0.375833333222 0.017500000000
0.681392874381 0.375833333222 0.017500000000
0.722089311571 0.375833333222 0.017500000000
0.480221736112 0.411666666444 0.017500000000
0.520147824075 0.411666666444 0.017500000000
0.560073912037 0.411666666444 0.017500000000
0.600000000000 0.411666666444 0.017500000000
0.639926087963 0.411666666444 0.017500000000
0.679852175925 0.411666666444 0.017500000000
0.719778263888 0.411666666444 0.017500000000
0.484175909242 0.447499999667 0.017500000000
0.522783939494 0.447499999667 0.017500000000
0.561391969747 0.447499999667 0.017500000000
0.600000000000 0.447499999667 0.017500000000
0.638608030253 0.447499999667 0.017500000000
0.677216060506 0.447499999667 0.017500000000
0.715824090758 0.447499999667 0.017500000000
0.489950181736 0.483333332889 0.017500000000
0.526633454490 0.483333332889 0.017500000000
0.563316727245 0.483333332889 0.017500000000
0.600000000000 0.483333332889 0.017500000000
0.636683272755 0.483333332889 0.017500000000
0.673366545510 0.483333332889 0.017500000000
0.710049818264 0.483333332889 0.017500000000
0.497852753341 0.519166666111 0.017500000000
0.538711652005 0.519166666111 0.017500000000
0.579570550668 0.519166666111 0.017500000000
0.620429449332 0.519166666111 0.017500000000
0.661288347995 0.519166666111 0.017500000000
0.702147246659 0.519166666111 0.017500000000
0.508433016321 0.554999999333 0.017500000000
0.545059809793 0.554999999333 0.017500000000
0.581686603264 0.554999999333 0.017500000000
0.618313396736 0.554999999333 0.017500000000
0.654940190207 0.554999999333 0.017500000000
0.691566983679 0.554999999333 0.017500000000
0.522783939494 0.590833332556 0.017500000000
0.561391969747 0.590833332556 0.017500000000
0.600000000000 0.590833332556 0.017500000000
0.638608030253 0.590833332556 0.017500000000
0.677216060506 0.590833332556 0.017500000000
0.543719608210 0.626666665778 0.017500000000
0.581239869403 0.626666665778 0.017500000000
0.618760130597 0.626666665778 0.017500000000
0.656280391790 0.626666665778 0.017500000000
0.600000000000 0.662499999000 0.017500000000
