# Dos caras concavas )( uniformes: ancho máximo exterior=0.280700000 m; R=r=0.0175 m
# Cintura central = 60% del ancho máximo; interior relleno.
# a=0.122850000000; b=0.322499999000; 19 filas horizontales
0.477150000000 0.017500001000 0.017500000000
0.512250000000 0.017500001000 0.017500000000
0.547350000000 0.017500001000 0.017500000000
0.582450000000 0.017500001000 0.017500000000
0.617550000000 0.017500001000 0.017500000000
0.652650000000 0.017500001000 0.017500000000
0.687750000000 0.017500001000 0.017500000000
0.722850000000 0.017500001000 0.017500000000
0.499662156716 0.053333334222 0.017500000000
0.539797294030 0.053333334222 0.017500000000
0.579932431343 0.053333334222 0.017500000000
0.620067568657 0.053333334222 0.017500000000
0.660202705970 0.053333334222 0.017500000000
0.700337843284 0.053333334222 0.017500000000
0.508036424202 0.089166667444 0.017500000000
0.544821854521 0.089166667444 0.017500000000
0.581607284840 0.089166667444 0.017500000000
0.618392715160 0.089166667444 0.017500000000
0.655178145479 0.089166667444 0.017500000000
0.691963575798 0.089166667444 0.017500000000
0.513776793471 0.125000000667 0.017500000000
0.556888396736 0.125000000667 0.017500000000
0.600000000000 0.125000000667 0.017500000000
0.643111603264 0.125000000667 0.017500000000
0.686223206529 0.125000000667 0.017500000000
0.518008898664 0.160833333889 0.017500000000
0.559004449332 0.160833333889 0.017500000000
0.600000000000 0.160833333889 0.017500000000
0.640995550668 0.160833333889 0.017500000000
0.681991101336 0.160833333889 0.017500000000
0.521169927306 0.196666667111 0.017500000000
0.560584963653 0.196666667111 0.017500000000
0.600000000000 0.196666667111 0.017500000000
0.639415036347 0.196666667111 0.017500000000
0.678830072694 0.196666667111 0.017500000000
0.523479636303 0.232500000333 0.017500000000
0.561739818152 0.232500000333 0.017500000000
0.600000000000 0.232500000333 0.017500000000
0.638260181848 0.232500000333 0.017500000000
0.676520363697 0.232500000333 0.017500000000
0.525061305555 0.268333333556 0.017500000000
0.562530652778 0.268333333556 0.017500000000
0.600000000000 0.268333333556 0.017500000000
0.637469347222 0.268333333556 0.017500000000
0.674938694445 0.268333333556 0.017500000000
0.525985724629 0.304166666778 0.017500000000
0.562992862314 0.304166666778 0.017500000000
0.600000000000 0.304166666778 0.017500000000
0.637007137686 0.304166666778 0.017500000000
0.674014275371 0.304166666778 0.017500000000
0.526290000000 0.340000000000 0.017500000000
0.563145000000 0.340000000000 0.017500000000
0.600000000000 0.340000000000 0.017500000000
0.636855000000 0.340000000000 0.017500000000
0.673710000000 0.340000000000 0.017500000000
0.525985724629 0.375833333222 0.017500000000
0.562992862314 0.375833333222 0.017500000000
0.600000000000 0.375833333222 0.017500000000
0.637007137686 0.375833333222 0.017500000000
0.674014275371 0.375833333222 0.017500000000
0.525061305555 0.411666666444 0.017500000000
0.562530652778 0.411666666444 0.017500000000
0.600000000000 0.411666666444 0.017500000000
0.637469347222 0.411666666444 0.017500000000
0.674938694445 0.411666666444 0.017500000000
0.523479636303 0.447499999667 0.017500000000
0.561739818152 0.447499999667 0.017500000000
0.600000000000 0.447499999667 0.017500000000
0.638260181848 0.447499999667 0.017500000000
0.676520363697 0.447499999667 0.017500000000
0.521169927306 0.483333332889 0.017500000000
0.560584963653 0.483333332889 0.017500000000
0.600000000000 0.483333332889 0.017500000000
0.639415036347 0.483333332889 0.017500000000
0.678830072694 0.483333332889 0.017500000000
0.518008898664 0.519166666111 0.017500000000
0.559004449332 0.519166666111 0.017500000000
0.600000000000 0.519166666111 0.017500000000
0.640995550668 0.519166666111 0.017500000000
0.681991101336 0.519166666111 0.017500000000
0.513776793471 0.554999999333 0.017500000000
0.556888396736 0.554999999333 0.017500000000
0.600000000000 0.554999999333 0.017500000000
0.643111603264 0.554999999333 0.017500000000
0.686223206529 0.554999999333 0.017500000000
0.508036424202 0.590833332556 0.017500000000
0.544821854521 0.590833332556 0.017500000000
0.581607284840 0.590833332556 0.017500000000
0.618392715160 0.590833332556 0.017500000000
0.655178145479 0.590833332556 0.017500000000
0.691963575798 0.590833332556 0.017500000000
0.499662156716 0.626666665778 0.017500000000
0.539797294030 0.626666665778 0.017500000000
0.579932431343 0.626666665778 0.017500000000
0.620067568657 0.626666665778 0.017500000000
0.660202705970 0.626666665778 0.017500000000
0.700337843284 0.626666665778 0.017500000000
0.477150000000 0.662499999000 0.017500000000
0.512250000000 0.662499999000 0.017500000000
0.547350000000 0.662499999000 0.017500000000
0.582450000000 0.662499999000 0.017500000000
0.617550000000 0.662499999000 0.017500000000
0.652650000000 0.662499999000 0.017500000000
0.687750000000 0.662499999000 0.017500000000
0.722850000000 0.662499999000 0.017500000000
