# Dos caras concavas )( uniformes: ancho máximo exterior=0.701900000 m; R=r=0.0175 m
# Cintura central = 60% del ancho máximo; interior relleno.
# a=0.333450000000; b=0.322499999000; 19 filas horizontales
0.266550000000 0.017500001000 0.017500000000
0.301650000000 0.017500001000 0.017500000000
0.336750000000 0.017500001000 0.017500000000
0.371850000000 0.017500001000 0.017500000000
0.406950000000 0.017500001000 0.017500000000
0.442050000000 0.017500001000 0.017500000000
0.477150000000 0.017500001000 0.017500000000
0.512250000000 0.017500001000 0.017500000000
0.547350000000 0.017500001000 0.017500000000
0.582450000000 0.017500001000 0.017500000000
0.617550000000 0.017500001000 0.017500000000
0.652650000000 0.017500001000 0.017500000000
0.687750000000 0.017500001000 0.017500000000
0.722850000000 0.017500001000 0.017500000000
0.757950000000 0.017500001000 0.017500000000
0.793050000000 0.017500001000 0.017500000000
0.828150000000 0.017500001000 0.017500000000
0.863250000000 0.017500001000 0.017500000000
0.898350000000 0.017500001000 0.017500000000
0.933450000000 0.017500001000 0.017500000000
0.327654425372 0.053333334222 0.017500000000
0.363967168655 0.053333334222 0.017500000000
0.400279911939 0.053333334222 0.017500000000
0.436592655223 0.053333334222 0.017500000000
0.472905398507 0.053333334222 0.017500000000
0.509218141791 0.053333334222 0.017500000000
0.545530885074 0.053333334222 0.017500000000
0.581843628358 0.053333334222 0.017500000000
0.618156371642 0.053333334222 0.017500000000
0.654469114926 0.053333334222 0.017500000000
0.690781858209 0.053333334222 0.017500000000
0.727094601493 0.053333334222 0.017500000000
0.763407344777 0.053333334222 0.017500000000
0.799720088061 0.053333334222 0.017500000000
0.836032831345 0.053333334222 0.017500000000
0.872345574628 0.053333334222 0.017500000000
0.350384579977 0.089166667444 0.017500000000
0.386043925695 0.089166667444 0.017500000000
0.421703271412 0.089166667444 0.017500000000
0.457362617130 0.089166667444 0.017500000000
0.493021962847 0.089166667444 0.017500000000
0.528681308565 0.089166667444 0.017500000000
0.564340654282 0.089166667444 0.017500000000
0.600000000000 0.089166667444 0.017500000000
0.635659345718 0.089166667444 0.017500000000
0.671318691435 0.089166667444 0.017500000000
0.706978037153 0.089166667444 0.017500000000
0.742637382870 0.089166667444 0.017500000000
0.778296728588 0.089166667444 0.017500000000
0.813956074305 0.089166667444 0.017500000000
0.849615420023 0.089166667444 0.017500000000
0.365965582280 0.125000000667 0.017500000000
0.401970877314 0.125000000667 0.017500000000
0.437976172347 0.125000000667 0.017500000000
0.473981467381 0.125000000667 0.017500000000
0.509986762415 0.125000000667 0.017500000000
0.545992057449 0.125000000667 0.017500000000
0.581997352483 0.125000000667 0.017500000000
0.618002647517 0.125000000667 0.017500000000
0.654007942551 0.125000000667 0.017500000000
0.690013237585 0.125000000667 0.017500000000
0.726018532619 0.125000000667 0.017500000000
0.762023827653 0.125000000667 0.017500000000
0.798029122686 0.125000000667 0.017500000000
0.834034417720 0.125000000667 0.017500000000
0.377452724944 0.160833333889 0.017500000000
0.414543937453 0.160833333889 0.017500000000
0.451635149963 0.160833333889 0.017500000000
0.488726362472 0.160833333889 0.017500000000
0.525817574981 0.160833333889 0.017500000000
0.562908787491 0.160833333889 0.017500000000
0.600000000000 0.160833333889 0.017500000000
0.637091212509 0.160833333889 0.017500000000
0.674182425019 0.160833333889 0.017500000000
0.711273637528 0.160833333889 0.017500000000
0.748364850037 0.160833333889 0.017500000000
0.785456062547 0.160833333889 0.017500000000
0.822547275056 0.160833333889 0.017500000000
0.386032659830 0.196666667111 0.017500000000
0.421693883191 0.196666667111 0.017500000000
0.457355106553 0.196666667111 0.017500000000
0.493016329915 0.196666667111 0.017500000000
0.528677553277 0.196666667111 0.017500000000
0.564338776638 0.196666667111 0.017500000000
0.600000000000 0.196666667111 0.017500000000
0.635661223362 0.196666667111 0.017500000000
0.671322446723 0.196666667111 0.017500000000
0.706983670085 0.196666667111 0.017500000000
0.742644893447 0.196666667111 0.017500000000
0.778306116809 0.196666667111 0.017500000000
0.813967340170 0.196666667111 0.017500000000
0.392301869966 0.232500000333 0.017500000000
0.430065166336 0.232500000333 0.017500000000
0.467828462706 0.232500000333 0.017500000000
0.505591759076 0.232500000333 0.017500000000
0.543355055445 0.232500000333 0.017500000000
0.581118351815 0.232500000333 0.017500000000
0.618881648185 0.232500000333 0.017500000000
0.656644944555 0.232500000333 0.017500000000
0.694408240924 0.232500000333 0.017500000000
0.732171537294 0.232500000333 0.017500000000
0.769934833664 0.232500000333 0.017500000000
0.807698130034 0.232500000333 0.017500000000
0.396594972221 0.268333333556 0.017500000000
0.433577704545 0.268333333556 0.017500000000
0.470560436868 0.268333333556 0.017500000000
0.507543169191 0.268333333556 0.017500000000
0.544525901515 0.268333333556 0.017500000000
0.581508633838 0.268333333556 0.017500000000
0.618491366162 0.268333333556 0.017500000000
0.655474098485 0.268333333556 0.017500000000
0.692456830809 0.268333333556 0.017500000000
0.729439563132 0.268333333556 0.017500000000
0.766422295455 0.268333333556 0.017500000000
0.803405027779 0.268333333556 0.017500000000
0.399104109706 0.304166666778 0.017500000000
0.435630635214 0.304166666778 0.017500000000
0.472157160722 0.304166666778 0.017500000000
0.508683686230 0.304166666778 0.017500000000
0.545210211738 0.304166666778 0.017500000000
0.581736737246 0.304166666778 0.017500000000
0.618263262754 0.304166666778 0.017500000000
0.654789788262 0.304166666778 0.017500000000
0.691316313770 0.304166666778 0.017500000000
0.727842839278 0.304166666778 0.017500000000
0.764369364786 0.304166666778 0.017500000000
0.800895890294 0.304166666778 0.017500000000
0.399930000000 0.340000000000 0.017500000000
0.436306363636 0.340000000000 0.017500000000
0.472682727273 0.340000000000 0.017500000000
0.509059090909 0.340000000000 0.017500000000
0.545435454545 0.340000000000 0.017500000000
0.581811818182 0.340000000000 0.017500000000
0.618188181818 0.340000000000 0.017500000000
0.654564545455 0.340000000000 0.017500000000
0.690940909091 0.340000000000 0.017500000000
0.727317272727 0.340000000000 0.017500000000
0.763693636364 0.340000000000 0.017500000000
0.800070000000 0.340000000000 0.017500000000
0.399104109706 0.375833333222 0.017500000000
0.435630635214 0.375833333222 0.017500000000
0.472157160722 0.375833333222 0.017500000000
0.508683686230 0.375833333222 0.017500000000
0.545210211738 0.375833333222 0.017500000000
0.581736737246 0.375833333222 0.017500000000
0.618263262754 0.375833333222 0.017500000000
0.654789788262 0.375833333222 0.017500000000
0.691316313770 0.375833333222 0.017500000000
0.727842839278 0.375833333222 0.017500000000
0.764369364786 0.375833333222 0.017500000000
0.800895890294 0.375833333222 0.017500000000
0.396594972221 0.411666666444 0.017500000000
0.433577704545 0.411666666444 0.017500000000
0.470560436868 0.411666666444 0.017500000000
0.507543169191 0.411666666444 0.017500000000
0.544525901515 0.411666666444 0.017500000000
0.581508633838 0.411666666444 0.017500000000
0.618491366162 0.411666666444 0.017500000000
0.655474098485 0.411666666444 0.017500000000
0.692456830809 0.411666666444 0.017500000000
0.729439563132 0.411666666444 0.017500000000
0.766422295455 0.411666666444 0.017500000000
0.803405027779 0.411666666444 0.017500000000
0.392301869966 0.447499999667 0.017500000000
0.430065166336 0.447499999667 0.017500000000
0.467828462706 0.447499999667 0.017500000000
0.505591759076 0.447499999667 0.017500000000
0.543355055445 0.447499999667 0.017500000000
0.581118351815 0.447499999667 0.017500000000
0.618881648185 0.447499999667 0.017500000000
0.656644944555 0.447499999667 0.017500000000
0.694408240924 0.447499999667 0.017500000000
0.732171537294 0.447499999667 0.017500000000
0.769934833664 0.447499999667 0.017500000000
0.807698130034 0.447499999667 0.017500000000
0.386032659830 0.483333332889 0.017500000000
0.421693883191 0.483333332889 0.017500000000
0.457355106553 0.483333332889 0.017500000000
0.493016329915 0.483333332889 0.017500000000
0.528677553277 0.483333332889 0.017500000000
0.564338776638 0.483333332889 0.017500000000
0.600000000000 0.483333332889 0.017500000000
0.635661223362 0.483333332889 0.017500000000
0.671322446723 0.483333332889 0.017500000000
0.706983670085 0.483333332889 0.017500000000
0.742644893447 0.483333332889 0.017500000000
0.778306116809 0.483333332889 0.017500000000
0.813967340170 0.483333332889 0.017500000000
0.377452724944 0.519166666111 0.017500000000
0.414543937453 0.519166666111 0.017500000000
0.451635149963 0.519166666111 0.017500000000
0.488726362472 0.519166666111 0.017500000000
0.525817574981 0.519166666111 0.017500000000
0.562908787491 0.519166666111 0.017500000000
0.600000000000 0.519166666111 0.017500000000
0.637091212509 0.519166666111 0.017500000000
0.674182425019 0.519166666111 0.017500000000
0.711273637528 0.519166666111 0.017500000000
0.748364850037 0.519166666111 0.017500000000
0.785456062547 0.519166666111 0.017500000000
0.822547275056 0.519166666111 0.017500000000
0.365965582280 0.554999999333 0.017500000000
0.401970877314 0.554999999333 0.017500000000
0.437976172347 0.554999999333 0.017500000000
0.473981467381 0.554999999333 0.017500000000
0.509986762415 0.554999999333 0.017500000000
0.545992057449 0.554999999333 0.017500000000
0.581997352483 0.554999999333 0.017500000000
0.618002647517 0.554999999333 0.017500000000
0.654007942551 0.554999999333 0.017500000000
0.690013237585 0.554999999333 0.017500000000
0.726018532619 0.554999999333 0.017500000000
0.762023827653 0.554999999333 0.017500000000
0.798029122686 0.554999999333 0.017500000000
0.834034417720 0.554999999333 0.017500000000
0.350384579977 0.590833332556 0.017500000000
0.386043925695 0.590833332556 0.017500000000
0.421703271412 0.590833332556 0.017500000000
0.457362617130 0.590833332556 0.017500000000
0.493021962847 0.590833332556 0.017500000000
0.528681308565 0.590833332556 0.017500000000
0.564340654282 0.590833332556 0.017500000000
0.600000000000 0.590833332556 0.017500000000
0.635659345718 0.590833332556 0.017500000000
0.671318691435 0.590833332556 0.017500000000
0.706978037153 0.590833332556 0.017500000000
0.742637382870 0.590833332556 0.017500000000
0.778296728588 0.590833332556 0.017500000000
0.813956074305 0.590833332556 0.017500000000
0.849615420023 0.590833332556 0.017500000000
0.327654425372 0.626666665778 0.017500000000
0.363967168655 0.626666665778 0.017500000000
0.400279911939 0.626666665778 0.017500000000
0.436592655223 0.626666665778 0.017500000000
0.472905398507 0.626666665778 0.017500000000
0.509218141791 0.626666665778 0.017500000000
0.545530885074 0.626666665778 0.017500000000
0.581843628358 0.626666665778 0.017500000000
0.618156371642 0.626666665778 0.017500000000
0.654469114926 0.626666665778 0.017500000000
0.690781858209 0.626666665778 0.017500000000
0.727094601493 0.626666665778 0.017500000000
0.763407344777 0.626666665778 0.017500000000
0.799720088061 0.626666665778 0.017500000000
0.836032831345 0.626666665778 0.017500000000
0.872345574628 0.626666665778 0.017500000000
0.266550000000 0.662499999000 0.017500000000
0.301650000000 0.662499999000 0.017500000000
0.336750000000 0.662499999000 0.017500000000
0.371850000000 0.662499999000 0.017500000000
0.406950000000 0.662499999000 0.017500000000
0.442050000000 0.662499999000 0.017500000000
0.477150000000 0.662499999000 0.017500000000
0.512250000000 0.662499999000 0.017500000000
0.547350000000 0.662499999000 0.017500000000
0.582450000000 0.662499999000 0.017500000000
0.617550000000 0.662499999000 0.017500000000
0.652650000000 0.662499999000 0.017500000000
0.687750000000 0.662499999000 0.017500000000
0.722850000000 0.662499999000 0.017500000000
0.757950000000 0.662499999000 0.017500000000
0.793050000000 0.662499999000 0.017500000000
0.828150000000 0.662499999000 0.017500000000
0.863250000000 0.662499999000 0.017500000000
0.898350000000 0.662499999000 0.017500000000
0.933450000000 0.662499999000 0.017500000000
