# Dos caras concavas )( uniformes: ancho máximo exterior=0.350900000 m; R=r=0.0175 m
# Cintura central = 60% del ancho máximo; interior relleno.
# a=0.157950000000; b=0.322499999000; 19 filas horizontales
0.442050000000 0.017500001000 0.017500000000
0.477150000000 0.017500001000 0.017500000000
0.512250000000 0.017500001000 0.017500000000
0.547350000000 0.017500001000 0.017500000000
0.582450000000 0.017500001000 0.017500000000
0.617550000000 0.017500001000 0.017500000000
0.652650000000 0.017500001000 0.017500000000
0.687750000000 0.017500001000 0.017500000000
0.722850000000 0.017500001000 0.017500000000
0.757950000000 0.017500001000 0.017500000000
0.470994201492 0.053333334222 0.017500000000
0.507853001066 0.053333334222 0.017500000000
0.544711800639 0.053333334222 0.017500000000
0.581570600213 0.053333334222 0.017500000000
0.618429399787 0.053333334222 0.017500000000
0.655288199361 0.053333334222 0.017500000000
0.692146998934 0.053333334222 0.017500000000
0.729005798508 0.053333334222 0.017500000000
0.481761116831 0.089166667444 0.017500000000
0.521174077888 0.089166667444 0.017500000000
0.560587038944 0.089166667444 0.017500000000
0.600000000000 0.089166667444 0.017500000000
0.639412961056 0.089166667444 0.017500000000
0.678825922112 0.089166667444 0.017500000000
0.718238883169 0.089166667444 0.017500000000
0.489141591606 0.125000000667 0.017500000000
0.526094394404 0.125000000667 0.017500000000
0.563047197202 0.125000000667 0.017500000000
0.600000000000 0.125000000667 0.017500000000
0.636952802798 0.125000000667 0.017500000000
0.673905605596 0.125000000667 0.017500000000
0.710858408394 0.125000000667 0.017500000000
0.494582869710 0.160833333889 0.017500000000
0.529721913140 0.160833333889 0.017500000000
0.564860956570 0.160833333889 0.017500000000
0.600000000000 0.160833333889 0.017500000000
0.635139043430 0.160833333889 0.017500000000
0.670278086860 0.160833333889 0.017500000000
0.705417130290 0.160833333889 0.017500000000
0.498647049393 0.196666667111 0.017500000000
0.539188229636 0.196666667111 0.017500000000
0.579729409879 0.196666667111 0.017500000000
0.620270590121 0.196666667111 0.017500000000
0.660811770364 0.196666667111 0.017500000000
0.701352950607 0.196666667111 0.017500000000
0.501616675247 0.232500000333 0.017500000000
0.540970005148 0.232500000333 0.017500000000
0.580323335049 0.232500000333 0.017500000000
0.619676664951 0.232500000333 0.017500000000
0.659029994852 0.232500000333 0.017500000000
0.698383324753 0.232500000333 0.017500000000
0.503650249999 0.268333333556 0.017500000000
0.542190150000 0.268333333556 0.017500000000
0.580730050000 0.268333333556 0.017500000000
0.619269950000 0.268333333556 0.017500000000
0.657809850000 0.268333333556 0.017500000000
0.696349750001 0.268333333556 0.017500000000
0.504838788808 0.304166666778 0.017500000000
0.542903273285 0.304166666778 0.017500000000
0.580967757762 0.304166666778 0.017500000000
0.619032242238 0.304166666778 0.017500000000
0.657096726715 0.304166666778 0.017500000000
0.695161211192 0.304166666778 0.017500000000
0.505230000000 0.340000000000 0.017500000000
0.543138000000 0.340000000000 0.017500000000
0.581046000000 0.340000000000 0.017500000000
0.618954000000 0.340000000000 0.017500000000
0.656862000000 0.340000000000 0.017500000000
0.694770000000 0.340000000000 0.017500000000
0.504838788808 0.375833333222 0.017500000000
0.542903273285 0.375833333222 0.017500000000
0.580967757762 0.375833333222 0.017500000000
0.619032242238 0.375833333222 0.017500000000
0.657096726715 0.375833333222 0.017500000000
0.695161211192 0.375833333222 0.017500000000
0.503650249999 0.411666666444 0.017500000000
0.542190150000 0.411666666444 0.017500000000
0.580730050000 0.411666666444 0.017500000000
0.619269950000 0.411666666444 0.017500000000
0.657809850000 0.411666666444 0.017500000000
0.696349750001 0.411666666444 0.017500000000
0.501616675247 0.447499999667 0.017500000000
0.540970005148 0.447499999667 0.017500000000
0.580323335049 0.447499999667 0.017500000000
0.619676664951 0.447499999667 0.017500000000
0.659029994852 0.447499999667 0.017500000000
0.698383324753 0.447499999667 0.017500000000
0.498647049393 0.483333332889 0.017500000000
0.539188229636 0.483333332889 0.017500000000
0.579729409879 0.483333332889 0.017500000000
0.620270590121 0.483333332889 0.017500000000
0.660811770364 0.483333332889 0.017500000000
0.701352950607 0.483333332889 0.017500000000
0.494582869710 0.519166666111 0.017500000000
0.529721913140 0.519166666111 0.017500000000
0.564860956570 0.519166666111 0.017500000000
0.600000000000 0.519166666111 0.017500000000
0.635139043430 0.519166666111 0.017500000000
0.670278086860 0.519166666111 0.017500000000
0.705417130290 0.519166666111 0.017500000000
0.489141591606 0.554999999333 0.017500000000
0.526094394404 0.554999999333 0.017500000000
0.563047197202 0.554999999333 0.017500000000
0.600000000000 0.554999999333 0.017500000000
0.636952802798 0.554999999333 0.017500000000
0.673905605596 0.554999999333 0.017500000000
0.710858408394 0.554999999333 0.017500000000
0.481761116831 0.590833332556 0.017500000000
0.521174077888 0.590833332556 0.017500000000
0.560587038944 0.590833332556 0.017500000000
0.600000000000 0.590833332556 0.017500000000
0.639412961056 0.590833332556 0.017500000000
0.678825922112 0.590833332556 0.017500000000
0.718238883169 0.590833332556 0.017500000000
0.470994201492 0.626666665778 0.017500000000
0.507853001066 0.626666665778 0.017500000000
0.544711800639 0.626666665778 0.017500000000
0.581570600213 0.626666665778 0.017500000000
0.618429399787 0.626666665778 0.017500000000
0.655288199361 0.626666665778 0.017500000000
0.692146998934 0.626666665778 0.017500000000
0.729005798508 0.626666665778 0.017500000000
0.442050000000 0.662499999000 0.017500000000
0.477150000000 0.662499999000 0.017500000000
0.512250000000 0.662499999000 0.017500000000
0.547350000000 0.662499999000 0.017500000000
0.582450000000 0.662499999000 0.017500000000
0.617550000000 0.662499999000 0.017500000000
0.652650000000 0.662499999000 0.017500000000
0.687750000000 0.662499999000 0.017500000000
0.722850000000 0.662499999000 0.017500000000
0.757950000000 0.662499999000 0.017500000000
