# Dos caras concavas )( uniformes: ancho máximo exterior=0.561500000 m; R=r=0.0175 m
# Cintura central = 60% del ancho máximo; interior relleno.
# a=0.263250000000; b=0.322499999000; 19 filas horizontales
0.336750000000 0.017500001000 0.017500000000
0.371850000000 0.017500001000 0.017500000000
0.406950000000 0.017500001000 0.017500000000
0.442050000000 0.017500001000 0.017500000000
0.477150000000 0.017500001000 0.017500000000
0.512250000000 0.017500001000 0.017500000000
0.547350000000 0.017500001000 0.017500000000
0.582450000000 0.017500001000 0.017500000000
0.617550000000 0.017500001000 0.017500000000
0.652650000000 0.017500001000 0.017500000000
0.687750000000 0.017500001000 0.017500000000
0.722850000000 0.017500001000 0.017500000000
0.757950000000 0.017500001000 0.017500000000
0.793050000000 0.017500001000 0.017500000000
0.828150000000 0.017500001000 0.017500000000
0.863250000000 0.017500001000 0.017500000000
0.384990335820 0.053333334222 0.017500000000
0.420825279850 0.053333334222 0.017500000000
0.456660223880 0.053333334222 0.017500000000
0.492495167910 0.053333334222 0.017500000000
0.528330111940 0.053333334222 0.017500000000
0.564165055970 0.053333334222 0.017500000000
0.600000000000 0.053333334222 0.017500000000
0.635834944030 0.053333334222 0.017500000000
0.671669888060 0.053333334222 0.017500000000
0.707504832090 0.053333334222 0.017500000000
0.743339776120 0.053333334222 0.017500000000
0.779174720150 0.053333334222 0.017500000000
0.815009664180 0.053333334222 0.017500000000
0.402935194719 0.089166667444 0.017500000000
0.438765159316 0.089166667444 0.017500000000
0.474595123912 0.089166667444 0.017500000000
0.510425088509 0.089166667444 0.017500000000
0.546255053105 0.089166667444 0.017500000000
0.582085017702 0.089166667444 0.017500000000
0.617914982298 0.089166667444 0.017500000000
0.653744946895 0.089166667444 0.017500000000
0.689574911491 0.089166667444 0.017500000000
0.725404876088 0.089166667444 0.017500000000
0.761234840684 0.089166667444 0.017500000000
0.797064805281 0.089166667444 0.017500000000
0.415235986010 0.125000000667 0.017500000000
0.452188788808 0.125000000667 0.017500000000
0.489141591606 0.125000000667 0.017500000000
0.526094394404 0.125000000667 0.017500000000
0.563047197202 0.125000000667 0.017500000000
0.600000000000 0.125000000667 0.017500000000
0.636952802798 0.125000000667 0.017500000000
0.673905605596 0.125000000667 0.017500000000
0.710858408394 0.125000000667 0.017500000000
0.747811211192 0.125000000667 0.017500000000
0.784764013990 0.125000000667 0.017500000000
0.424304782851 0.160833333889 0.017500000000
0.459443826280 0.160833333889 0.017500000000
0.494582869710 0.160833333889 0.017500000000
0.529721913140 0.160833333889 0.017500000000
0.564860956570 0.160833333889 0.017500000000
0.600000000000 0.160833333889 0.017500000000
0.635139043430 0.160833333889 0.017500000000
0.670278086860 0.160833333889 0.017500000000
0.705417130290 0.160833333889 0.017500000000
0.740556173720 0.160833333889 0.017500000000
0.775695217149 0.160833333889 0.017500000000
0.431078415655 0.196666667111 0.017500000000
0.468616545510 0.196666667111 0.017500000000
0.506154675364 0.196666667111 0.017500000000
0.543692805218 0.196666667111 0.017500000000
0.581230935073 0.196666667111 0.017500000000
0.618769064927 0.196666667111 0.017500000000
0.656307194782 0.196666667111 0.017500000000
0.693845324636 0.196666667111 0.017500000000
0.731383454490 0.196666667111 0.017500000000
0.768921584345 0.196666667111 0.017500000000
0.436027792079 0.232500000333 0.017500000000
0.472466060506 0.232500000333 0.017500000000
0.508904328933 0.232500000333 0.017500000000
0.545342597360 0.232500000333 0.017500000000
0.581780865787 0.232500000333 0.017500000000
0.618219134213 0.232500000333 0.017500000000
0.654657402640 0.232500000333 0.017500000000
0.691095671067 0.232500000333 0.017500000000
0.727533939494 0.232500000333 0.017500000000
0.763972207921 0.232500000333 0.017500000000
0.439417083332 0.268333333556 0.017500000000
0.475102175925 0.268333333556 0.017500000000
0.510787268518 0.268333333556 0.017500000000
0.546472361111 0.268333333556 0.017500000000
0.582157453704 0.268333333556 0.017500000000
0.617842546296 0.268333333556 0.017500000000
0.653527638889 0.268333333556 0.017500000000
0.689212731482 0.268333333556 0.017500000000
0.724897824075 0.268333333556 0.017500000000
0.760582916668 0.268333333556 0.017500000000
0.441397981347 0.304166666778 0.017500000000
0.476642874381 0.304166666778 0.017500000000
0.511887767415 0.304166666778 0.017500000000
0.547132660449 0.304166666778 0.017500000000
0.582377553483 0.304166666778 0.017500000000
0.617622446517 0.304166666778 0.017500000000
0.652867339551 0.304166666778 0.017500000000
0.688112232585 0.304166666778 0.017500000000
0.723357125619 0.304166666778 0.017500000000
0.758602018653 0.304166666778 0.017500000000
0.442050000000 0.340000000000 0.017500000000
0.477150000000 0.340000000000 0.017500000000
0.512250000000 0.340000000000 0.017500000000
0.547350000000 0.340000000000 0.017500000000
0.582450000000 0.340000000000 0.017500000000
0.617550000000 0.340000000000 0.017500000000
0.652650000000 0.340000000000 0.017500000000
0.687750000000 0.340000000000 0.017500000000
0.722850000000 0.340000000000 0.017500000000
0.757950000000 0.340000000000 0.017500000000
0.441397981347 0.375833333222 0.017500000000
0.476642874381 0.375833333222 0.017500000000
0.511887767415 0.375833333222 0.017500000000
0.547132660449 0.375833333222 0.017500000000
0.582377553483 0.375833333222 0.017500000000
0.617622446517 0.375833333222 0.017500000000
0.652867339551 0.375833333222 0.017500000000
0.688112232585 0.375833333222 0.017500000000
0.723357125619 0.375833333222 0.017500000000
0.758602018653 0.375833333222 0.017500000000
0.439417083332 0.411666666444 0.017500000000
0.475102175925 0.411666666444 0.017500000000
0.510787268518 0.411666666444 0.017500000000
0.546472361111 0.411666666444 0.017500000000
0.582157453704 0.411666666444 0.017500000000
0.617842546296 0.411666666444 0.017500000000
0.653527638889 0.411666666444 0.017500000000
0.689212731482 0.411666666444 0.017500000000
0.724897824075 0.411666666444 0.017500000000
0.760582916668 0.411666666444 0.017500000000
0.436027792079 0.447499999667 0.017500000000
0.472466060506 0.447499999667 0.017500000000
0.508904328933 0.447499999667 0.017500000000
0.545342597360 0.447499999667 0.017500000000
0.581780865787 0.447499999667 0.017500000000
0.618219134213 0.447499999667 0.017500000000
0.654657402640 0.447499999667 0.017500000000
0.691095671067 0.447499999667 0.017500000000
0.727533939494 0.447499999667 0.017500000000
0.763972207921 0.447499999667 0.017500000000
0.431078415655 0.483333332889 0.017500000000
0.468616545510 0.483333332889 0.017500000000
0.506154675364 0.483333332889 0.017500000000
0.543692805218 0.483333332889 0.017500000000
0.581230935073 0.483333332889 0.017500000000
0.618769064927 0.483333332889 0.017500000000
0.656307194782 0.483333332889 0.017500000000
0.693845324636 0.483333332889 0.017500000000
0.731383454490 0.483333332889 0.017500000000
0.768921584345 0.483333332889 0.017500000000
0.424304782851 0.519166666111 0.017500000000
0.459443826280 0.519166666111 0.017500000000
0.494582869710 0.519166666111 0.017500000000
0.529721913140 0.519166666111 0.017500000000
0.564860956570 0.519166666111 0.017500000000
0.600000000000 0.519166666111 0.017500000000
0.635139043430 0.519166666111 0.017500000000
0.670278086860 0.519166666111 0.017500000000
0.705417130290 0.519166666111 0.017500000000
0.740556173720 0.519166666111 0.017500000000
0.775695217149 0.519166666111 0.017500000000
0.415235986010 0.554999999333 0.017500000000
0.452188788808 0.554999999333 0.017500000000
0.489141591606 0.554999999333 0.017500000000
0.526094394404 0.554999999333 0.017500000000
0.563047197202 0.554999999333 0.017500000000
0.600000000000 0.554999999333 0.017500000000
0.636952802798 0.554999999333 0.017500000000
0.673905605596 0.554999999333 0.017500000000
0.710858408394 0.554999999333 0.017500000000
0.747811211192 0.554999999333 0.017500000000
0.784764013990 0.554999999333 0.017500000000
0.402935194719 0.590833332556 0.017500000000
0.438765159316 0.590833332556 0.017500000000
0.474595123912 0.590833332556 0.017500000000
0.510425088509 0.590833332556 0.017500000000
0.546255053105 0.590833332556 0.017500000000
0.582085017702 0.590833332556 0.017500000000
0.617914982298 0.590833332556 0.017500000000
0.653744946895 0.590833332556 0.017500000000
0.689574911491 0.590833332556 0.017500000000
0.725404876088 0.590833332556 0.017500000000
0.761234840684 0.590833332556 0.017500000000
0.797064805281 0.590833332556 0.017500000000
0.384990335820 0.626666665778 0.017500000000
0.420825279850 0.626666665778 0.017500000000
0.456660223880 0.626666665778 0.017500000000
0.492495167910 0.626666665778 0.017500000000
0.528330111940 0.626666665778 0.017500000000
0.564165055970 0.626666665778 0.017500000000
0.600000000000 0.626666665778 0.017500000000
0.635834944030 0.626666665778 0.017500000000
0.671669888060 0.626666665778 0.017500000000
0.707504832090 0.626666665778 0.017500000000
0.743339776120 0.626666665778 0.017500000000
0.779174720150 0.626666665778 0.017500000000
0.815009664180 0.626666665778 0.017500000000
0.336750000000 0.662499999000 0.017500000000
0.371850000000 0.662499999000 0.017500000000
0.406950000000 0.662499999000 0.017500000000
0.442050000000 0.662499999000 0.017500000000
0.477150000000 0.662499999000 0.017500000000
0.512250000000 0.662499999000 0.017500000000
0.547350000000 0.662499999000 0.017500000000
0.582450000000 0.662499999000 0.017500000000
0.617550000000 0.662499999000 0.017500000000
0.652650000000 0.662499999000 0.017500000000
0.687750000000 0.662499999000 0.017500000000
0.722850000000 0.662499999000 0.017500000000
0.757950000000 0.662499999000 0.017500000000
0.793050000000 0.662499999000 0.017500000000
0.828150000000 0.662499999000 0.017500000000
0.863250000000 0.662499999000 0.017500000000
