# Dos caras concavas )( uniformes: ancho máximo exterior=0.421100000 m; R=r=0.0175 m
# Cintura central = 60% del ancho máximo; interior relleno.
# a=0.193050000000; b=0.322499999000; 19 filas horizontales
0.406950000000 0.017500001000 0.017500000000
0.442050000000 0.017500001000 0.017500000000
0.477150000000 0.017500001000 0.017500000000
0.512250000000 0.017500001000 0.017500000000
0.547350000000 0.017500001000 0.017500000000
0.582450000000 0.017500001000 0.017500000000
0.617550000000 0.017500001000 0.017500000000
0.652650000000 0.017500001000 0.017500000000
0.687750000000 0.017500001000 0.017500000000
0.722850000000 0.017500001000 0.017500000000
0.757950000000 0.017500001000 0.017500000000
0.793050000000 0.017500001000 0.017500000000
0.442326246268 0.053333334222 0.017500000000
0.481744684701 0.053333334222 0.017500000000
0.521163123134 0.053333334222 0.017500000000
0.560581561567 0.053333334222 0.017500000000
0.600000000000 0.053333334222 0.017500000000
0.639418438433 0.053333334222 0.017500000000
0.678836876866 0.053333334222 0.017500000000
0.718255315299 0.053333334222 0.017500000000
0.757673753732 0.053333334222 0.017500000000
0.455485809461 0.089166667444 0.017500000000
0.491614357095 0.089166667444 0.017500000000
0.527742904730 0.089166667444 0.017500000000
0.563871452365 0.089166667444 0.017500000000
0.600000000000 0.089166667444 0.017500000000
0.636128547635 0.089166667444 0.017500000000
0.672257095270 0.089166667444 0.017500000000
0.708385642905 0.089166667444 0.017500000000
0.744514190539 0.089166667444 0.017500000000
0.464506389741 0.125000000667 0.017500000000
0.503218849815 0.125000000667 0.017500000000
0.541931309889 0.125000000667 0.017500000000
0.580643769963 0.125000000667 0.017500000000
0.619356230037 0.125000000667 0.017500000000
0.658068690111 0.125000000667 0.017500000000
0.696781150185 0.125000000667 0.017500000000
0.735493610259 0.125000000667 0.017500000000
0.471156840757 0.160833333889 0.017500000000
0.507969171969 0.160833333889 0.017500000000
0.544781503182 0.160833333889 0.017500000000
0.581593834394 0.160833333889 0.017500000000
0.618406165606 0.160833333889 0.017500000000
0.655218496818 0.160833333889 0.017500000000
0.692030828031 0.160833333889 0.017500000000
0.728843159243 0.160833333889 0.017500000000
0.476124171480 0.196666667111 0.017500000000
0.511517265343 0.196666667111 0.017500000000
0.546910359206 0.196666667111 0.017500000000
0.582303453069 0.196666667111 0.017500000000
0.617696546931 0.196666667111 0.017500000000
0.653089640794 0.196666667111 0.017500000000
0.688482734657 0.196666667111 0.017500000000
0.723875828520 0.196666667111 0.017500000000
0.479753714191 0.232500000333 0.017500000000
0.519835809461 0.232500000333 0.017500000000
0.559917904730 0.232500000333 0.017500000000
0.600000000000 0.232500000333 0.017500000000
0.640082095270 0.232500000333 0.017500000000
0.680164190539 0.232500000333 0.017500000000
0.720246285809 0.232500000333 0.017500000000
0.482239194444 0.268333333556 0.017500000000
0.521492796296 0.268333333556 0.017500000000
0.560746398148 0.268333333556 0.017500000000
0.600000000000 0.268333333556 0.017500000000
0.639253601852 0.268333333556 0.017500000000
0.678507203704 0.268333333556 0.017500000000
0.717760805556 0.268333333556 0.017500000000
0.483691852988 0.304166666778 0.017500000000
0.522461235325 0.304166666778 0.017500000000
0.561230617663 0.304166666778 0.017500000000
0.600000000000 0.304166666778 0.017500000000
0.638769382337 0.304166666778 0.017500000000
0.677538764675 0.304166666778 0.017500000000
0.716308147012 0.304166666778 0.017500000000
0.484170000000 0.340000000000 0.017500000000
0.522780000000 0.340000000000 0.017500000000
0.561390000000 0.340000000000 0.017500000000
0.600000000000 0.340000000000 0.017500000000
0.638610000000 0.340000000000 0.017500000000
0.677220000000 0.340000000000 0.017500000000
0.715830000000 0.340000000000 0.017500000000
0.483691852988 0.375833333222 0.017500000000
0.522461235325 0.375833333222 0.017500000000
0.561230617663 0.375833333222 0.017500000000
0.600000000000 0.375833333222 0.017500000000
0.638769382337 0.375833333222 0.017500000000
0.677538764675 0.375833333222 0.017500000000
0.716308147012 0.375833333222 0.017500000000
0.482239194444 0.411666666444 0.017500000000
0.521492796296 0.411666666444 0.017500000000
0.560746398148 0.411666666444 0.017500000000
0.600000000000 0.411666666444 0.017500000000
0.639253601852 0.411666666444 0.017500000000
0.678507203704 0.411666666444 0.017500000000
0.717760805556 0.411666666444 0.017500000000
0.479753714191 0.447499999667 0.017500000000
0.519835809461 0.447499999667 0.017500000000
0.559917904730 0.447499999667 0.017500000000
0.600000000000 0.447499999667 0.017500000000
0.640082095270 0.447499999667 0.017500000000
0.680164190539 0.447499999667 0.017500000000
0.720246285809 0.447499999667 0.017500000000
0.476124171480 0.483333332889 0.017500000000
0.511517265343 0.483333332889 0.017500000000
0.546910359206 0.483333332889 0.017500000000
0.582303453069 0.483333332889 0.017500000000
0.617696546931 0.483333332889 0.017500000000
0.653089640794 0.483333332889 0.017500000000
0.688482734657 0.483333332889 0.017500000000
0.723875828520 0.483333332889 0.017500000000
0.471156840757 0.519166666111 0.017500000000
0.507969171969 0.519166666111 0.017500000000
0.544781503182 0.519166666111 0.017500000000
0.581593834394 0.519166666111 0.017500000000
0.618406165606 0.519166666111 0.017500000000
0.655218496818 0.519166666111 0.017500000000
0.692030828031 0.519166666111 0.017500000000
0.728843159243 0.519166666111 0.017500000000
0.464506389741 0.554999999333 0.017500000000
0.503218849815 0.554999999333 0.017500000000
0.541931309889 0.554999999333 0.017500000000
0.580643769963 0.554999999333 0.017500000000
0.619356230037 0.554999999333 0.017500000000
0.658068690111 0.554999999333 0.017500000000
0.696781150185 0.554999999333 0.017500000000
0.735493610259 0.554999999333 0.017500000000
0.455485809461 0.590833332556 0.017500000000
0.491614357095 0.590833332556 0.017500000000
0.527742904730 0.590833332556 0.017500000000
0.563871452365 0.590833332556 0.017500000000
0.600000000000 0.590833332556 0.017500000000
0.636128547635 0.590833332556 0.017500000000
0.672257095270 0.590833332556 0.017500000000
0.708385642905 0.590833332556 0.017500000000
0.744514190539 0.590833332556 0.017500000000
0.442326246268 0.626666665778 0.017500000000
0.481744684701 0.626666665778 0.017500000000
0.521163123134 0.626666665778 0.017500000000
0.560581561567 0.626666665778 0.017500000000
0.600000000000 0.626666665778 0.017500000000
0.639418438433 0.626666665778 0.017500000000
0.678836876866 0.626666665778 0.017500000000
0.718255315299 0.626666665778 0.017500000000
0.757673753732 0.626666665778 0.017500000000
0.406950000000 0.662499999000 0.017500000000
0.442050000000 0.662499999000 0.017500000000
0.477150000000 0.662499999000 0.017500000000
0.512250000000 0.662499999000 0.017500000000
0.547350000000 0.662499999000 0.017500000000
0.582450000000 0.662499999000 0.017500000000
0.617550000000 0.662499999000 0.017500000000
0.652650000000 0.662499999000 0.017500000000
0.687750000000 0.662499999000 0.017500000000
0.722850000000 0.662499999000 0.017500000000
0.757950000000 0.662499999000 0.017500000000
0.793050000000 0.662499999000 0.017500000000
