# Dos caras concavas )( uniformes: ancho máximo exterior=0.140300000 m; R=r=0.0175 m
# Cintura central = 60% del ancho máximo; interior relleno.
# a=0.052650000000; b=0.322499999000; 19 filas horizontales
0.547350000000 0.017500001000 0.017500000000
0.582450000000 0.017500001000 0.017500000000
0.617550000000 0.017500001000 0.017500000000
0.652650000000 0.017500001000 0.017500000000
0.556998067164 0.053333334222 0.017500000000
0.600000000000 0.053333334222 0.017500000000
0.643001932836 0.053333334222 0.017500000000
0.560587038944 0.089166667444 0.017500000000
0.600000000000 0.089166667444 0.017500000000
0.639412961056 0.089166667444 0.017500000000
0.563047197202 0.125000000667 0.017500000000
0.600000000000 0.125000000667 0.017500000000
0.636952802798 0.125000000667 0.017500000000
0.564860956570 0.160833333889 0.017500000000
0.600000000000 0.160833333889 0.017500000000
0.635139043430 0.160833333889 0.017500000000
0.566215683131 0.196666667111 0.017500000000
0.633784316869 0.196666667111 0.017500000000
0.567205558416 0.232500000333 0.017500000000
0.632794441584 0.232500000333 0.017500000000
0.567883416666 0.268333333556 0.017500000000
0.632116583334 0.268333333556 0.017500000000
0.568279596269 0.304166666778 0.017500000000
0.631720403731 0.304166666778 0.017500000000
0.568410000000 0.340000000000 0.017500000000
0.631590000000 0.340000000000 0.017500000000
0.568279596269 0.375833333222 0.017500000000
0.631720403731 0.375833333222 0.017500000000
0.567883416666 0.411666666444 0.017500000000
0.632116583334 0.411666666444 0.017500000000
0.567205558416 0.447499999667 0.017500000000
0.632794441584 0.447499999667 0.017500000000
0.566215683131 0.483333332889 0.017500000000
0.633784316869 0.483333332889 0.017500000000
0.564860956570 0.519166666111 0.017500000000
0.600000000000 0.519166666111 0.017500000000
0.635139043430 0.519166666111 0.017500000000
0.563047197202 0.554999999333 0.017500000000
0.600000000000 0.554999999333 0.017500000000
0.636952802798 0.554999999333 0.017500000000
0.560587038944 0.590833332556 0.017500000000
0.600000000000 0.590833332556 0.017500000000
0.639412961056 0.590833332556 0.017500000000
0.556998067164 0.626666665778 0.017500000000
0.600000000000 0.626666665778 0.017500000000
0.643001932836 0.626666665778 0.017500000000
0.547350000000 0.662499999000 0.017500000000
0.582450000000 0.662499999000 0.017500000000
0.617550000000 0.662499999000 0.017500000000
0.652650000000 0.662499999000 0.017500000000
# Relleno de intersticio cerrado
0.599750000000 0.213750000000 0.017500000000
# Relleno de intersticio cerrado
0.599750000000 0.466250000000 0.017500000000
# Relleno de intersticio cerrado
0.600250000000 0.250250000000 0.017500000000
# Relleno de intersticio cerrado
0.600250000000 0.429750000000 0.017500000000
# Relleno de intersticio cerrado
0.599750000000 0.286250000000 0.017500000000
# Relleno de intersticio cerrado
0.599750000000 0.393750000000 0.017500000000
# Relleno de intersticio cerrado
0.600250000000 0.322250000000 0.017500000000
# Relleno de intersticio cerrado
0.600750000000 0.358250000000 0.017500000000
