# Dos caras concavas )( uniformes: ancho máximo exterior=0.210500000 m; R=r=0.0175 m
# Cintura central = 60% del ancho máximo; interior relleno.
# a=0.087750000000; b=0.322499999000; 19 filas horizontales
0.512250000000 0.017500001000 0.017500000000
0.547350000000 0.017500001000 0.017500000000
0.582450000000 0.017500001000 0.017500000000
0.617550000000 0.017500001000 0.017500000000
0.652650000000 0.017500001000 0.017500000000
0.687750000000 0.017500001000 0.017500000000
0.528330111940 0.053333334222 0.017500000000
0.564165055970 0.053333334222 0.017500000000
0.600000000000 0.053333334222 0.017500000000
0.635834944030 0.053333334222 0.017500000000
0.671669888060 0.053333334222 0.017500000000
0.534311731573 0.089166667444 0.017500000000
0.578103910524 0.089166667444 0.017500000000
0.621896089476 0.089166667444 0.017500000000
0.665688268427 0.089166667444 0.017500000000
0.538411995337 0.125000000667 0.017500000000
0.579470665112 0.125000000667 0.017500000000
0.620529334888 0.125000000667 0.017500000000
0.661588004663 0.125000000667 0.017500000000
0.541434927617 0.160833333889 0.017500000000
0.580478309206 0.160833333889 0.017500000000
0.619521690794 0.160833333889 0.017500000000
0.658565072383 0.160833333889 0.017500000000
0.543692805218 0.196666667111 0.017500000000
0.581230935073 0.196666667111 0.017500000000
0.618769064927 0.196666667111 0.017500000000
0.656307194782 0.196666667111 0.017500000000
0.545342597360 0.232500000333 0.017500000000
0.581780865787 0.232500000333 0.017500000000
0.618219134213 0.232500000333 0.017500000000
0.654657402640 0.232500000333 0.017500000000
0.546472361111 0.268333333556 0.017500000000
0.582157453704 0.268333333556 0.017500000000
0.617842546296 0.268333333556 0.017500000000
0.653527638889 0.268333333556 0.017500000000
0.547132660449 0.304166666778 0.017500000000
0.582377553483 0.304166666778 0.017500000000
0.617622446517 0.304166666778 0.017500000000
0.652867339551 0.304166666778 0.017500000000
0.547350000000 0.340000000000 0.017500000000
0.582450000000 0.340000000000 0.017500000000
0.617550000000 0.340000000000 0.017500000000
0.652650000000 0.340000000000 0.017500000000
0.547132660449 0.375833333222 0.017500000000
0.582377553483 0.375833333222 0.017500000000
0.617622446517 0.375833333222 0.017500000000
0.652867339551 0.375833333222 0.017500000000
0.546472361111 0.411666666444 0.017500000000
0.582157453704 0.411666666444 0.017500000000
0.617842546296 0.411666666444 0.017500000000
0.653527638889 0.411666666444 0.017500000000
0.545342597360 0.447499999667 0.017500000000
0.581780865787 0.447499999667 0.017500000000
0.618219134213 0.447499999667 0.017500000000
0.654657402640 0.447499999667 0.017500000000
0.543692805218 0.483333332889 0.017500000000
0.581230935073 0.483333332889 0.017500000000
0.618769064927 0.483333332889 0.017500000000
0.656307194782 0.483333332889 0.017500000000
0.541434927617 0.519166666111 0.017500000000
0.580478309206 0.519166666111 0.017500000000
0.619521690794 0.519166666111 0.017500000000
0.658565072383 0.519166666111 0.017500000000
0.538411995337 0.554999999333 0.017500000000
0.579470665112 0.554999999333 0.017500000000
0.620529334888 0.554999999333 0.017500000000
0.661588004663 0.554999999333 0.017500000000
0.534311731573 0.590833332556 0.017500000000
0.578103910524 0.590833332556 0.017500000000
0.621896089476 0.590833332556 0.017500000000
0.665688268427 0.590833332556 0.017500000000
0.528330111940 0.626666665778 0.017500000000
0.564165055970 0.626666665778 0.017500000000
0.600000000000 0.626666665778 0.017500000000
0.635834944030 0.626666665778 0.017500000000
0.671669888060 0.626666665778 0.017500000000
0.512250000000 0.662499999000 0.017500000000
0.547350000000 0.662499999000 0.017500000000
0.582450000000 0.662499999000 0.017500000000
0.617550000000 0.662499999000 0.017500000000
0.652650000000 0.662499999000 0.017500000000
0.687750000000 0.662499999000 0.017500000000
