0.6 0.34 0.32
1.1774999980171674 0.02250000196899225 0.022332987482525546
1.1774999980171674 0.6574999980310078 0.022332987482525546
0.02250000198283262 0.02250000196899225 0.02233298748252546
0.02250000198283262 0.6574999980310078 0.02233298748252546
1.1814999980034335 0.0635000017147287 0.01788678478129684
1.1814999980034335 0.6164999982852714 0.01788678478129684
0.018500001996566526 0.0635000017147287 0.017886784781296745
0.018500001996566526 0.6164999982852714 0.017886784781296745
0.017500002 0.09950000149147288 0.017500001
0.017500002 0.13550000126821707 0.017500001
0.017500002 0.524499998855814 0.017500001
0.017500002 0.5604999986325582 0.017500001
1.1704999980412019 0.09750000150387597 0.017500001
1.1704999980412019 0.5824999984961241 0.017500001
1.178499998013734 0.1325000012868217 0.017500001
1.178499998013734 0.5434999987379845 0.017500001
