0.6 0.34 0.32
0.2865000010763949 0.08450000158449612 0.08387823465174518
0.2865000010763949 0.5954999984155039 0.08387823465174518
0.9134999989236052 0.08450000158449612 0.08387823465174502
0.9134999989236052 0.5954999984155039 0.08387823465174502
0.16650000148841204 0.041500001851162795 0.041500000851162795
1.031499998518455 0.041500001851162795 0.041500000851162795
0.16650000148841204 0.6384999981488373 0.04150000085116276
1.031499998518455 0.6384999981488373 0.04150000085116276
0.4015000006815451 0.03950000186356589 0.03950000086356589
0.7974999993218884 0.03950000186356589 0.03950000086356589
0.4015000006815451 0.6404999981364342 0.03950000086356584
0.7974999993218884 0.6404999981364342 0.03950000086356584
0.09850000172188841 0.6524999980620155 0.02750000093798452
1.0994999982849787 0.6524999980620155 0.02750000093798452
0.09850000172188841 0.0275000019379845 0.0275000009379845
1.0994999982849787 0.0275000019379845 0.0275000009379845
0.28850000106952794 0.1925000009147287 0.024019289085131595
0.28850000106952794 0.48749999908527136 0.024019289085131595
0.9114999989304722 0.1925000009147287 0.024019289085131484
0.9114999989304722 0.48749999908527136 0.024019289085131484
0.46350000046866957 0.02450000195658915 0.023762269526370422
0.46350000046866957 0.6554999980434109 0.023762269526370366
0.7334999995416309 0.0235000019627907 0.0235000009627907
0.7334999995416309 0.6564999980372094 0.023500000962790674
1.1484999981167383 0.02250000196899225 0.021649651484913907
1.1484999981167383 0.6574999980310078 0.021649651484913907
0.04450000190729614 0.0215000019751938 0.0215000009751938
0.04450000190729614 0.6584999980248063 0.02150000097519375
0.1795000014437768 0.09950000149147288 0.017500001
0.1795000014437768 0.5804999985085272 0.017500001
1.0134999985802575 0.10150000147906978 0.017500001
1.0134999985802575 0.5754999985395349 0.017500001
