0.5995000000017168 0.25550000052403105 0.25542588208850586
0.7964999993253219 0.5664999985953489 0.11271810848796979
0.4035000006746781 0.5674999985891473 0.1125000004108527
0.5995000000017168 0.5954999984155039 0.08450000058449611
0.8724999990643777 0.07250000165891474 0.07250000065891474
0.32750000093562237 0.07250000165891474 0.07240486451852982
0.26150000116223177 0.635499998167442 0.04450000083255809
0.9384999988377682 0.635499998167442 0.04450000083255809
0.22950000127210302 0.03350000190077519 0.03290011576509075
0.970499998727897 0.03350000190077519 0.03290011576509069
0.37050000078798284 0.4274999994573644 0.030692132473932016
0.777499999390558 0.0315000019131783 0.030685981677863988
0.42150000061287557 0.03050000191937985 0.03050000091937985
0.8294999992120172 0.4264999994635659 0.030463532720502756
0.8664999990849785 0.16950000105736435 0.02455640363054165
0.691499999685837 0.6554999980434109 0.02450000095658919
0.5085000003141631 0.6554999980434109 0.024499997949832333
0.33350000091502147 0.16950000105736435 0.024130907961879028
1.0024999986180259 0.6564999980372094 0.02285725439424502
0.19750000138197427 0.6564999980372094 0.022857254394244908
0.672499999751073 0.5204999988806202 0.019444994038188362
0.5275000002489271 0.5204999988806202 0.019181107160092775
0.18050000144034334 0.018500001993798452 0.018344394948084458
1.0194999985596567 0.018500001993798452 0.018344394948084458
0.13650000159141631 0.017500002 0.017500001
0.13650000159141631 0.662499998 0.017500001
0.2625000011587983 0.5724999985581396 0.017500001
0.3255000009424893 0.21050000080310077 0.017500001
0.32950000092875537 0.4584999992651163 0.017500001
0.3475000008669528 0.38249999973643417 0.017500001
0.8434999991639486 0.3784999997612403 0.017500001
0.8674999990815451 0.45649999927751944 0.017500001
0.8694999990746781 0.21150000079689923 0.017500001
0.92649999887897 0.5584999986449612 0.017500001
1.0424999984806866 0.662499998 0.017500001
1.0554999984360516 0.017500002 0.017500001
0.23800000124291848 0.08325000159224806 0.017500001
0.9619999987570816 0.08325000159224806 0.017500001
