1.0639304259189928 0.6624671626839131 0.0175
1.0318430410602168 0.6469580343123793 0.0175
1.0014991800353341 0.6282662336391529 0.0175
0.9732134605889425 0.6065855650349659 0.0175
0.9472791619111448 0.5821408216159718 0.0175
0.923965186684657 0.5551854532216571 0.0175
0.9035132589765217 0.5259989500672899 0.0175
0.8861354328585095 0.49488392994791 0.0175
0.8720118916967938 0.46216300525026666 0.0175
0.8612890775226723 0.42817544018582737 0.0175
0.8540781634898384 0.39327363462083453 0.0175
0.8504539153462607 0.3578194649735709 0.0175
0.8504539153462609 0.3221805350264267 0.0175
0.8540781634898389 0.2867263653791632 0.0175
0.8612890775226728 0.2518245598141703 0.0175
0.8720118916967944 0.2178369947497318 0.0175
0.8861354328585104 0.18511607005208824 0.0175
0.9035132589765222 0.15400104993270924 0.0175
0.9239651866846573 0.12481454677834228 0.0175
0.9472791619111446 0.09785917838402855 0.0175
0.9732134605889428 0.07341443496503418 0.0175
1.0014991800353348 0.05173376636084658 0.0175
1.0318430410602175 0.033041965687620356 0.0175
1.0639304259189926 0.017532837316087055 0.0175
0.136069574081007 0.017532837316086847 0.0175
0.16815695893978264 0.033041965687620495 0.0175
0.19850081996466523 0.051733766360846666 0.0175
0.22678653941105661 0.07341443496503368 0.0175
0.25272083808885415 0.09785917838402718 0.0175
0.27603481331534196 0.12481454677834151 0.0175
0.2964867410234773 0.15400104993270844 0.0175
0.31386456714148936 0.18511607005208786 0.0175
0.32798810830320513 0.21783699474973076 0.0175
0.3387109224773268 0.25182455981416924 0.0175
0.3459218365101609 0.28672636537916185 0.0175
0.349546084653739 0.32218053502642535 0.0175
0.3495460846537393 0.3578194649735692 0.0175
0.34592183651016173 0.3932736346208327 0.0175
0.3387109224773282 0.42817544018582554 0.0175
0.32798810830320574 0.4621630052502677 0.0175
0.3138645671414898 0.49488392994791136 0.0175
0.2964867410234777 0.5259989500672909 0.0175
0.27603481331534224 0.5551854532216581 0.0175
0.25272083808885454 0.5821408216159725 0.0175
0.22678653941105723 0.606585565034966 0.0175
0.19850081996466637 0.6282662336391526 0.0175
0.16815695893978222 0.6469580343123797 0.0175
0.13606957408100714 0.6624671626839131 0.0175
0.5995000000017168 0.43949999938294576 0.24025717503758334
0.4345000005682404 0.11950000136744186 0.11950000036744186
0.7644999994351932 0.11950000136744186 0.11950000036744186
0.8574999991158799 0.6104999983224807 0.06897149753138757
0.34150000088755367 0.6114999983162791 0.06850000068372095
0.5995000000017168 0.057500001751937986 0.05676400450264406
0.9124999989270387 0.04550000182635659 0.045357564556362945
0.2875000010729614 0.04550000182635659 0.04507520874542002
0.5925000000257511 0.1565000011379845 0.04248316008963235
0.8094999992806867 0.2645000004682171 0.03231188534666098
0.39050000071931334 0.2645000004682171 0.03202887286427146
0.9494999988 0.6484999980868218 0.030567438191726068
0.24850000120686694 0.6494999980806202 0.03050000091937985
0.7674999994248928 0.6504999980744187 0.02945563280543162
0.4315000005785408 0.6504999980744187 0.029455632805431564
0.3475000008669528 0.5194999988868217 0.023695442318534085
0.8514999991364808 0.5174999988992248 0.0235381982366078
0.2245000012892704 0.02250000196899225 0.0216225041609448
0.9754999987107297 0.02250000196899225 0.021622504160944703
0.5325000002317597 0.02050000198139535 0.019773566657664263
0.6664999997716738 0.02050000198139535 0.019773566657664263
0.8559999991210301 0.017500002 0.017500001
