1.092296512546192 0.6624902460389888 0.0175
1.0593877937581235 0.6495613119741744 0.0175
1.0279997072968063 0.6332846684956854 0.0175
0.9984716952568445 0.6138363371341252 0.0175
0.9711230842243007 0.5914266391805209 0.0175
0.9462496319671568 0.56629792119809 0.0175
0.9241203290071057 0.538721934201669 0.0175
0.9049744945143872 0.5089968920670995 0.0175
0.889019174244716 0.4774442558900517 0.0175
0.8764269147697318 0.4444052472927004 0.0175
0.8673338933239807 0.41023716205562155 0.0175
0.8618384451366826 0.3753095061959785 0.0175
0.8599999999999999 0.3399999999999997 0.0175
0.8618384451366827 0.30469049380402075 0.0175
0.8673338933239807 0.26976283794437794 0.0175
0.8764269147697318 0.23559475270729943 0.0175
0.889019174244716 0.20255574410994825 0.0175
0.9049744945143868 0.171003107932901 0.0175
0.9241203290071054 0.14127806579833155 0.0175
0.946249631967157 0.11370207880191012 0.0175
0.9711230842242999 0.08857336081947989 0.0175
0.9984716952568441 0.0661636628658752 0.0175
1.027999707296806 0.046715331504314915 0.0175
1.0593877937581226 0.030438688025825875 0.0175
1.092296512546192 0.017509753961011343 0.0175
0.10770348745380777 0.017509753961011287 0.0175
0.14061220624187643 0.030438688025825496 0.0175
0.17200029270319336 0.04671533150431454 0.0175
0.20152830474315525 0.06616366286587474 0.0175
0.22887691577569919 0.08857336081947914 0.0175
0.25375036803284295 0.11370207880190998 0.0175
0.275879670992894 0.1412780657983308 0.0175
0.2950255054856125 0.1710031079329001 0.0175
0.3109808257552838 0.2025557441099479 0.0175
0.3235730852302682 0.23559475270729932 0.0175
0.33266610667601926 0.2697628379443781 0.0175
0.33816155486331734 0.3046904938040217 0.0175
0.34 0.34000000000000064 0.0175
0.3381615548633172 0.37530950619597964 0.0175
0.3326661066760191 0.410237162055623 0.0175
0.32357308523026734 0.44440524729270325 0.0175
0.3109808257552824 0.47744425589005535 0.0175
0.29502550548561063 0.5089968920671033 0.0175
0.2758796709928911 0.5387219342016734 0.0175
0.2537503680328398 0.5662979211980935 0.0175
0.22887691577569652 0.5914266391805234 0.0175
0.20152830474315264 0.6138363371341273 0.0175
0.17200029270319064 0.6332846684956871 0.0175
0.1406122062418741 0.6495613119741755 0.0175
0.10770348745380784 0.6624902460389888 0.0175
0.5995000000017168 0.24950000056124033 0.24949999956124033
0.7834999993699572 0.564499998607752 0.11530268382692976
0.4155000006334764 0.564499998607752 0.1151450095235615
0.5995000000017168 0.6064999983472869 0.07342992959260664
0.8674999990815451 0.07150000166511628 0.07150000066511628
0.33250000091845494 0.07150000166511628 0.07139406157996225
0.27250000112446354 0.635499998167442 0.04450000083255809
0.9274999988755366 0.635499998167442 0.04450000083255809
0.2365000012480687 0.0315000019131783 0.0315000009131783
0.9624999987553648 0.0315000019131783 0.0315000009131783
0.8204999992429185 0.42249999948837214 0.030912712378803935
0.37950000075708157 0.4234999994821706 0.030378182626239827
0.7734999994042919 0.03050000191937985 0.0302087751273874
0.42550000059914167 0.03050000191937985 0.030208775127387344
0.5495000001733906 0.5204999988806202 0.025893990652299817
0.6494999998300429 0.5204999988806202 0.025736316348931615
0.8624999990987124 0.16850000106356589 0.025048187032106102
0.33750000090128757 0.16750000106976748 0.024736056974323947
0.206500001351073 0.6554999980434109 0.023533531186526867
0.9934999986489271 0.6554999980434109 0.023533531186525132
0.5175000002832618 0.6574999980310078 0.022500000968992268
0.6814999997201717 0.6574999980310078 0.022500000968992268
