1.1824186545317923 0.6194474839599161 0.0175
1.1475332319159972 0.6150404302040329 0.0175
1.113475241575015 0.6062958245626432 0.0175
1.08078179836178 0.5933515746904857 0.0175
1.0499684974058814 0.5764118191405646 0.0175
1.0215212828703675 0.5557437079772216 0.0175
0.9958887843220054 0.5316731896600336 0.0175
0.9734752415750153 0.5045798706418936 0.0175
0.9546341295877189 0.47489102874848166 0.0175
0.9396625839512902 0.4430748747517115 0.0175
0.9287967148839836 0.40963316840616076 0.0175
0.9222078836319464 0.3750933053980067 0.0175
0.9199999999999999 0.34000000000000175 0.0175
0.9222078836319458 0.30490669460199693 0.0175
0.9287967148839827 0.27036683159384267 0.0175
0.9396625839512891 0.23692512524829135 0.0175
0.9546341295877181 0.20510897125151992 0.0175
0.9734752415750151 0.17542012935810702 0.0175
0.9958887843220054 0.14832681033996636 0.0175
1.0215212828703675 0.12425629202277849 0.0175
1.0499684974058825 0.10358818085943476 0.0175
1.0807817983617805 0.08664842530951412 0.0175
1.1134752415750147 0.07370417543735702 0.0175
1.1475332319159965 0.06495956979596729 0.0175
1.1824186545317923 0.06055251604008394 0.0175
0.017581345468207842 0.06055251604008394 0.0175
0.05246676808400293 0.06495956979596716 0.0175
0.08652475842498523 0.07370417543735697 0.0175
0.11921820163822024 0.08664842530951446 0.0175
0.1500315025941189 0.10358818085943568 0.0175
0.1784787171296329 0.12425629202277882 0.0175
0.20411121567799506 0.148326810339967 0.0175
0.22652475842498515 0.1754201293581073 0.0175
0.24536587041228156 0.20510897125151925 0.0175
0.26033741604871036 0.23692512524829004 0.0175
0.27120328511601666 0.2703668315938403 0.0175
0.27779211636805373 0.30490669460199443 0.0175
0.28 0.3399999999999995 0.0175
0.2777921163680539 0.3750933053980046 0.0175
0.2712032851160168 0.409633168406159 0.0175
0.2603374160487111 0.4430748747517082 0.0175
0.2453658704122838 0.4748910287484767 0.0175
0.22652475842498798 0.5045798706418888 0.0175
0.20411121567799884 0.5316731896600291 0.0175
0.1784787171296372 0.5557437079772176 0.0175
0.1500315025941241 0.576411819140561 0.0175
0.11921820163822387 0.5933515746904839 0.0175
0.08652475842498751 0.6062958245626424 0.0175
0.05246676808400348 0.6150404302040328 0.0175
0.01758134546820779 0.6194474839599161 0.0175
0.5995000000017168 0.375499999779845 0.3039661713812725
0.8894999990060086 0.09750000150387597 0.09705735445718218
0.31050000099399144 0.09750000150387597 0.09703881320856275
0.9184999989064379 0.5964999984093023 0.08345315269373574
0.28150000109356227 0.5964999984093023 0.08328697311893699
0.4525000005064378 0.05150000178914729 0.05150000078914729
0.7464999994969957 0.05150000178914729 0.05150000078914729
0.1745000014609442 0.04550000182635659 0.04550000082635659
1.0224999985493564 0.04550000182635659 0.04550000082635659
1.0384999984944208 0.6364999981612404 0.04291139732875077
0.16150000150557942 0.6364999981612404 0.04291139732874944
0.5415000002008584 0.038500001869767445 0.03798850088448627
0.6574999998025751 0.038500001869767445 0.03798850088448627
0.8084999992841202 0.6434999981178295 0.03589409127013518
0.39050000071931334 0.644499998111628 0.0355000008883721
1.096499998295279 0.029500001925581398 0.029500000925581398
0.10150000171158799 0.029500001925581398 0.029171905617922753
0.8954999989854078 0.2235000007224806 0.0286580739100546
0.3045000010145923 0.2225000007286822 0.028105102167561374
0.08050000178369099 0.6514999980682171 0.028103891321916437
1.119499998216309 0.6514999980682171 0.028103891321915313
0.9114999989304722 0.48549999909767444 0.026857042011952686
0.28850000106952794 0.4864999990914729 0.02624890780587283
0.03950000192446352 0.02450000195658915 0.02450000095658915
1.15949999807897 0.02450000195658915 0.02450000095658915
0.029500001958798285 0.6574999980310078 0.02237540745773651
1.1704999980412019 0.6574999980310078 0.022375407457736488
0.5995000000017168 0.02250000196899225 0.022177933723121185
0.44350000053733907 0.6594999980186047 0.01958175532688048
0.754499999469528 0.6594999980186047 0.0195782586241722
0.8074999992875537 0.017500002 0.017500001
