0.7178488804320904 0.662382223299318 0.0175
0.6987892432362779 0.6318694383230151 0.0175
0.6816580046345978 0.6002336914873714 0.0175
0.6665210981815951 0.5675966898292353 0.0175
0.653436744129569 0.5340840132656909 0.0175
0.6424553013068607 0.4998245952087939 0.0175
0.6336190065697523 0.4649502535666976 0.0175
0.626961869201257 0.42959516436161055 0.0175
0.6225094937161212 0.39389535818379506 0.0175
0.6202790165864229 0.3579881892379552 0.0175
0.620279016586423 0.3220118107620432 0.0175
0.6225094937161213 0.2861046418162032 0.0175
0.6269618692012572 0.25040483563838795 0.0175
0.6336190065697527 0.21504974643330088 0.0175
0.6424553013068611 0.18017540479120453 0.0175
0.6534367441295692 0.1459159867343085 0.0175
0.6665210981815951 0.11240331017076483 0.0175
0.6816580046345975 0.07976630851262904 0.0175
0.6987892432362777 0.04813056167698516 0.0175
0.7178488804320905 0.01761777670068193 0.0175
0.48215111956790935 0.01761777670068171 0.0175
0.5012107567637218 0.04813056167698441 0.0175
0.5183419953654018 0.07976630851262805 0.0175
0.5334789018184045 0.1124033101707641 0.0175
0.5465632558704306 0.14591598673430836 0.0175
0.557544698693139 0.18017540479120542 0.0175
0.5663809934302474 0.21504974643330158 0.0175
0.5730381307987429 0.25040483563838867 0.0175
0.5774905062838788 0.28610464181620415 0.0175
0.5797209834135769 0.3220118107620442 0.0175
0.5797209834135769 0.3579881892379561 0.0175
0.5774905062838787 0.39389535818379595 0.0175
0.573038130798743 0.4295951643616111 0.0175
0.5663809934302475 0.46495025356669784 0.0175
0.5575446986931394 0.49982459520879363 0.0175
0.5465632558704308 0.5340840132656914 0.0175
0.5334789018184045 0.567596689829236 0.0175
0.518341995365402 0.6002336914873716 0.0175
0.5012107567637218 0.6318694383230155 0.0175
0.48215111956790957 0.662382223299318 0.0175
0.6004999999982833 0.06450000170852713 0.06406906401216494
0.6004999999982833 0.615499998291473 0.06406906401216493
0.5995000000017168 0.5214999988744187 0.029723620546439095
0.5995000000017168 0.15850000112558138 0.029723620546438928
0.5275000002489271 0.02050000198139535 0.02050000098139535
0.5275000002489271 0.6594999980186047 0.020500000981395344
0.672499999751073 0.02050000198139535 0.020311027073523807
0.672499999751073 0.6594999980186047 0.020311027073523807
0.6004999999982833 0.226500000703876 0.0175425006107848
0.5995000000017168 0.45349999929612406 0.01754250061078426
