0.017500001 0.5240000048000001 0.0175
0.017500001 0.15599999519999996 0.0175
1.182499999 0.5240000048000001 0.0175
1.182499999 0.15599999519999996 0.0175
0.024713542364583337 0.5586250033500001 0.0175
0.024713542364583337 0.12137499664999996 0.0175
1.1752864576354167 0.5586250033500001 0.0175
1.1752864576354167 0.12137499664999996 0.0175
0.03192708372916667 0.5932500019000001 0.0175
0.03192708372916667 0.08674999809999995 0.0175
1.1680729162708332 0.5932500019000001 0.0175
1.1680729162708332 0.08674999809999995 0.0175
0.039140625093750006 0.62787500045 0.0175
0.039140625093750006 0.05212499955000005 0.0175
1.16085937490625 0.62787500045 0.0175
1.16085937490625 0.05212499955000005 0.0175
0.04635416645833334 0.662499999 0.0175
0.04635416645833334 0.017500001000000043 0.0175
1.1536458335416666 0.662499999 0.0175
1.1536458335416666 0.017500001000000043 0.0175
