0.07750000179399141 0.07850000162170542 0.07750000079399141
0.07750000179399141 0.6014999983782946 0.07750000079399141
1.1224999982060087 0.07850000162170542 0.0775000007939913
1.1224999982060087 0.6014999983782946 0.0775000007939913
1.0124999985836909 0.6404999981364342 0.03920903769329434
1.0124999985836909 0.03950000186356589 0.03920903769329431
0.18750000141630901 0.6404999981364342 0.03920903769329406
0.18750000141630901 0.03950000186356589 0.03920903769329405
0.030500001955364807 0.17650000101395352 0.030500000955364807
0.030500001955364807 0.5034999989860466 0.030500000955364807
1.1694999980446352 0.17650000101395352 0.03050000095536473
1.1694999980446352 0.5034999989860466 0.03050000095536473
0.24350000122403437 0.6604999980124031 0.019500000987596938
0.9564999987759657 0.6604999980124031 0.019500000987596938
0.24350000122403437 0.0195000019875969 0.0195000009875969
0.9564999987759657 0.0195000019875969 0.0195000009875969
0.017500002 0.2235000007224806 0.017500001
0.017500002 0.4544999992899225 0.017500001
0.07850000179055794 0.17350000103255814 0.017500001
0.07850000179055794 0.504499998979845 0.017500001
0.16950000147811162 0.10250000147286822 0.017500001
0.16950000147811162 0.5764999985333333 0.017500001
1.0214999985527897 0.09550000151627908 0.017500001
1.0214999985527897 0.5834999984899225 0.017500001
1.117499998223176 0.17350000103255814 0.017500001
1.117499998223176 0.5064999989674419 0.017500001
1.1794999980103005 0.2235000007224806 0.017500001
1.1794999980103005 0.45649999927751944 0.017500001
