0.08038475772933673 0.14 0.0175
0.08038475772933673 0.24000000000000002 0.0175
0.08038475772933673 0.34 0.0175
0.08038475772933673 0.44000000000000006 0.0175
0.08038475772933673 0.54 0.0175
0.16698729810778068 0.09000000000000002 0.0175
0.16698729810778068 0.19 0.0175
0.16698729810778068 0.29000000000000004 0.0175
0.16698729810778068 0.39 0.0175
0.16698729810778068 0.49000000000000005 0.0175
0.16698729810778068 0.5900000000000001 0.0175
0.2535898384862245 0.14 0.0175
0.2535898384862245 0.24000000000000002 0.0175
0.2535898384862245 0.34 0.0175
0.2535898384862245 0.44000000000000006 0.0175
0.2535898384862245 0.54 0.0175
0.34019237886466835 0.09000000000000002 0.0175
0.34019237886466835 0.19 0.0175
0.34019237886466835 0.29000000000000004 0.0175
0.34019237886466835 0.39 0.0175
0.34019237886466835 0.49000000000000005 0.0175
0.34019237886466835 0.5900000000000001 0.0175
0.42679491924311225 0.14 0.0175
0.42679491924311225 0.24000000000000002 0.0175
0.42679491924311225 0.34 0.0175
0.42679491924311225 0.44000000000000006 0.0175
0.42679491924311225 0.54 0.0175
0.5133974596215561 0.09000000000000002 0.0175
0.5133974596215561 0.19 0.0175
0.5133974596215561 0.29000000000000004 0.0175
0.5133974596215561 0.39 0.0175
0.5133974596215561 0.49000000000000005 0.0175
0.5133974596215561 0.5900000000000001 0.0175
0.6 0.14 0.0175
0.6 0.24000000000000002 0.0175
0.6 0.34 0.0175
0.6 0.44000000000000006 0.0175
0.6 0.54 0.0175
0.6866025403784438 0.09000000000000002 0.0175
0.6866025403784438 0.19 0.0175
0.6866025403784438 0.29000000000000004 0.0175
0.6866025403784438 0.39 0.0175
0.6866025403784438 0.49000000000000005 0.0175
0.6866025403784438 0.5900000000000001 0.0175
0.7732050807568878 0.14 0.0175
0.7732050807568878 0.24000000000000002 0.0175
0.7732050807568878 0.34 0.0175
0.7732050807568878 0.44000000000000006 0.0175
0.7732050807568878 0.54 0.0175
0.8598076211353316 0.09000000000000002 0.0175
0.8598076211353316 0.19 0.0175
0.8598076211353316 0.29000000000000004 0.0175
0.8598076211353316 0.39 0.0175
0.8598076211353316 0.49000000000000005 0.0175
0.8598076211353316 0.5900000000000001 0.0175
0.9464101615137754 0.14 0.0175
0.9464101615137754 0.24000000000000002 0.0175
0.9464101615137754 0.34 0.0175
0.9464101615137754 0.44000000000000006 0.0175
0.9464101615137754 0.54 0.0175
1.0330127018922193 0.09000000000000002 0.0175
1.0330127018922193 0.19 0.0175
1.0330127018922193 0.29000000000000004 0.0175
1.0330127018922193 0.39 0.0175
1.0330127018922193 0.49000000000000005 0.0175
1.0330127018922193 0.5900000000000001 0.0175
1.1196152422706631 0.14 0.0175
1.1196152422706631 0.24000000000000002 0.0175
1.1196152422706631 0.34 0.0175
1.1196152422706631 0.44000000000000006 0.0175
1.1196152422706631 0.54 0.0175
