0.3395000008944206 0.3395000000031008 0.3394999990031008
0.758499999455794 0.12950000130542638 0.12911399382221864
0.758499999455794 0.5504999986945737 0.12911399382221864
0.7594999994523606 0.3404999999968993 0.08050028331598905
0.05850000185922747 0.6214999982542636 0.05850000074573644
0.05850000185922747 0.05850000174573644 0.057894009109287964
0.5985000000051502 0.6304999981984497 0.04950000080155034
0.5985000000051502 0.04950000180155039 0.04932000783633275
0.9154999989167383 0.6324999981860465 0.04750000081395353
0.9154999989167383 0.04750000181395349 0.04750000081395349
0.1415000015742489 0.6504999980744187 0.02918007612137294
0.029500001958798285 0.1405000012372093 0.028876164873117366
0.029500001958798285 0.5384999987689923 0.028876164873117366
0.14050000157768242 0.029500001925581398 0.028876164448569247
0.5265000002523605 0.653499998055814 0.025965454639295532
0.5265000002523605 0.025500001950387596 0.025500000950387597
0.9824999986866954 0.0235000019627907 0.0235000009627907
0.9824999986866954 0.6564999980372094 0.023500000962790674
0.8264999992223176 0.2635000004744186 0.0211524343811704
0.6924999996824035 0.2645000004682171 0.020816051472145047
0.8264999992223176 0.4164999995255814 0.020816051472145006
0.691499999685837 0.4164999995255814 0.02070255882411301
0.6594999997957082 0.0195000019875969 0.01865792849104779
0.6594999997957082 0.6614999980062016 0.01850000099379842
0.8554999991227469 0.6614999980062016 0.01829699453261291
0.8554999991227469 0.018500001993798452 0.01829699453261288
0.9044999989545065 0.11250000141085272 0.017500001
0.9044999989545065 0.564499998607752 0.017500001
1.0234999985459228 0.017500002 0.017500001
1.0234999985459228 0.6544999980496125 0.017500001
0.18700000141802575 0.662499998 0.017500001000000015
