0
14.857849965811978 7.042621994511852
14.05657410663977 7.114387164320587
16.834767162988136 1.8591324992981426
12.759266590420696 15.548338880613912
9.472878850017208 5.210079540644323
15.283199899099241 4.534211704490391
17.15771817805655 2.257852894481567
10.440863889136157 2.2551082138256056
14.842637266153726 7.889378562804575
9.287080651694229 8.998528149325502
2.389209627061631 11.987321712778439
12.11390579152451 12.191454547711844
1.022155806230641 10.117415820800092
7.134429207299622 19.118015426324067
6.879384321905339 11.422252281585203
4.044641544293351 13.931914471494132
2.40187849342994 6.124586753679643
5.893262311020315 6.473652018911252
15.005875607152369 2.8601772786456316
9.525485132319027 15.801977978659991
14.79540202504397 11.830708290339409
7.869193435235994 10.378087735943863
5.622305768594253 14.051235052377184
8.683446301475906 19.262991865015533
8.077046909328121 8.204320007667668
10.38597058475729 12.357460584739494
19.692011375903054 16.39816885666978
16.174190405691753 2.2446579869685443
9.647985439958422 15.12484219873147
6.232528497306617 17.513471134482337
17.872400173179905 0.9868453672933734
9.836479045596631 6.188638715084905
3.7884891219839 2.789452177114876
15.425655175297363 14.480459556770992
7.471602983193003 11.666172147298052
10.325686951481506 7.989970713402243
13.517912142665743 7.311140242134234
15.718655276528683 10.354753679783043
12.639859261489685 11.200033301591501
11.779952374743255 1.9994683833278162
17.62522798099018 3.1961741088750233
14.113331305524078 11.446809284677396
18.90602842731412 3.377039479978964
0.43855644743460853 14.26135424652343
11.884272065499815 19.21477581089298
18.845027696358358 16.44951565212339
14.586981143644275 15.25289613519809
0.8296781332337564 3.5282210684806112
18.52825037187782 4.175581346763725
15.59568093715071 1.1956733161847724
7.078445954536815 12.966971022316663
4.288186205284688 18.557564754559067
15.092253019699932 5.339779208988541
10.0031789415034 13.697418430492096
3.0802618025186788 6.20347133720609
13.815988584051722 5.710590012076319
0.5112568168308219 4.555668865734328
6.563946821532733 7.794921025646338
1.6309471071583992 14.692479980612392
7.083749113968138 15.378330147102183
3.5089486440245956 6.993895085436746
12.587765210745351 17.727035491280652
5.451527397064593 17.280282260560373
19.644104604367097 17.374875433042735
2.5230624354293605 17.979892624912964
8.746854000122594 8.885892895968691
8.559711029351586 14.108581336728836
12.575036412670396 8.461584965483924
16.748555990604427 19.084418801733616
2.4402806282230642 15.234525932076316
2.8451968242149173 14.239630246257414
14.385657921800972 1.26700647900803
15.560673617373677 1.803538920127346
16.608205544301136 4.781984662012958
11.959729661730735 3.4180960687061983
11.894153438654612 13.277151831299015
1.9435680034992155 6.3921802685673175
1.2654963542793576 5.952021346839566
8.08450955969442 6.633445161278546
0.8469093498044342 11.594027407207461
13.538704094548446 3.5182361749652453
13.416619371291608 14.265782339700037
14.022002881788614 9.815943452141541
4.4330120271501965 11.097864773926824
18.597268115762144 12.41454914416983
3.210462371199474 12.540757661308543
1.5461849408137907 15.94759753256024
6.195787511213431 9.322523894519644
8.204810213174506 17.073591510628425
13.027861665622689 18.53275942861251
1.0826998443276696 1.3746327813849408
6.508359880388154 0.5421646313382558
18.57753466212623 0.3380324522689475
5.26070416955377 14.426540492870332
0.24627767347373125 16.55436709694895
11.275276462242497 2.1788225368154226
17.949609243514146 2.2269319535499372
13.985182296229025 19.587752513567587
17.7621235833208 12.134787284834413
15.891446526760605 4.411281624887449
11.824249907028063 19.69075964356826
1.0512550122085824 16.83007616594328
12.62150745464975 14.004781894258242
0.6382109503975655 13.252054155839607
9.342240218406818 18.91112462553119
6.83882674506474 14.633513760531148
18.301074627469077 15.948250739178198
17.25817310573625 11.89178342610752
4.968522467012272 5.726203859918349
18.121497899239344 7.384849090572557
2.5561630406383813 2.91430626876868
0.6722143213380334 8.85435122660907
19.539294248177793 19.375682631712554
9.113010439421888 2.3816452540769224
4.259054842699282 4.331742264637835
15.893535496085295 5.972935455343537
6.306864464638278 1.85827078168202
10.519106707442111 8.826733040544648
14.623239823426344 18.972980298095564
15.280748321628847 18.70223844048708
17.898320274528803 9.83478192601817
18.15614333760457 1.600147465132697
2.9766544208648322 17.58678153951091
18.169902593998536 4.6531426214980725
14.492166335379737 13.96523053882448
9.263139451079782 10.190641247131298
8.934197000139749 1.048509378629089
17.288559978020736 18.60521824419579
0.8330345763642205 15.029973974302496
11.10167583958641 13.15971469266748
17.16631825523234 17.473661313528147
10.85306672745144 11.726003163457229
10.466829289409901 3.304680031728739
3.064660917391578 7.596685592580382
6.965064562568934 3.5857328745572454
4.8540001376068975 10.361987074745878
12.328903826065835 3.9872697965658297
7.604419270411536 3.18853619561961
17.86800962596618 18.347002237090454
16.60058057701845 7.185915929702693
2.8514752513848842 13.471543192467362
16.487825994515216 13.173153995922476
14.574820324198503 3.4043766676853484
15.270770661678963 15.643010818084262
18.10224134055647 5.551858374380799
18.397947689536323 11.516622980271286
10.839637433406615 10.592110692381503
15.614545773411697 12.670770795886456
15.802748527963507 8.021718945794852
6.4377530718499525 16.703497252569388
7.574505133829373 6.047722818985668
14.387189205627303 17.5700493577355
13.149687893920895 1.1513779007372373
0.6288244700073184 18.144960330020897
6.101694795795793 11.05968064864228
9.512571203424677 1.9772023270604788
3.747023458080415 16.498956416108033
2.8998356348845102 0.3886936029132297
4.103839706195348 12.265739327736771
3.9384388324606054 12.876326182606142
14.189255883270333 7.98815051254402
2.07373192512762 17.695882078840302
5.256426800301291 7.166736682593291
8.193375552471833 15.462487226962729
18.81570467272439 10.206362678102064
8.712358380138264 6.081134140705469
16.946518667152027 9.693512833078438
19.732298384038987 14.878075415291272
19.531375707383454 18.36498925057121
10.184879350170204 16.6864286088021
3.3670168459271057 12.054897478441932
6.126848086528217 15.71156842244412
5.295705186789786 16.414451129416076
6.563536399687353 10.826139544326457
6.865347911293325 1.5425458799801253
3.0059638421655452 19.416664031070884
17.788912088853227 19.710506532485088
8.890932489315121 7.754645300820543
15.287350944188898 13.011383713554423
9.378553263556379 13.552963558669067
13.779820738677252 10.254626974741647
1.8399604092006645 12.847689155368036
14.092139781101833 13.351629234484246
2.7888134944154706 6.745002266660642
9.746044564029607 18.016753595870455
8.151085758633515 1.4047408835686492
2.9686607729954804 4.5167725948816315
6.320545194953425 5.507972844455292
11.569637535859988 6.9705604163085955
4.903058243336947 8.45684940486818
11.181309467751374 4.673301026811418
15.378488483914666 8.98683389818341
5.470256252484158 9.089884075341823
1.6524007911114997 18.143858154417106
15.550749942357307 17.408347991327727
13.599193406751413 16.30287301726727
17.304563960193995 13.12694618553866
16.066020882695074 14.090866979764954
11.587607327597063 16.279902726413532
9.319332339721559 19.718185319618605
