0
13.57218823358446 6.270728283819984
13.232074314850173 17.875188105012374
5.623079293708229 9.290595107723167
18.17396732922849 8.762016919976613
7.788620577106296 3.7104916107665606
4.339208272823024 16.357748869473447
11.707427646300896 14.907422648630082
7.224023060937236 16.20915295133611
19.25077728837688 14.164610049688383
5.934975434108692 18.777295552242062
12.663307521058165 7.4490770762693375
8.724689923405279 9.166898628940059
9.395578614576987 16.38659687406951
16.520720780386373 9.224746221213602
4.064258848720255 3.7384022480644505
9.738678029304104 8.45989197257665
7.484004060083523 17.252504998776192
17.96723453744729 4.075425448652295
12.493605362297917 9.28659862938114
10.779098615954627 12.637591995894686
9.947787729023734 0.7672996262959062
9.684344292755737 13.029403644025644
18.59051765432966 7.7480359183683705
15.27441154944508 17.684317646951346
19.284609551069927 1.7514385326308866
5.688474155474564 17.781906204135687
8.659329445607614 6.727377394346833
8.88214310574785 2.122281544717266
3.5833148755033277 15.953680892985597
2.049594911019241 0.7621305770863654
6.959098811340657 0.5310229147590484
10.418954594378782 16.532659146756576
13.671738133332703 11.099734402646305
11.728844071774178 17.7183359897695
7.710046173266995 17.871662685544894
5.326179141428485 19.008973774533516
11.435114440376216 5.28031240965792
13.102596589421617 12.224019985510221
7.2971935568974935 14.643190174500242
6.876882951059415 15.028661026383592
10.166933058291416 15.369511660937887
17.081396849675507 13.846755897433724
15.860306578722241 14.403118193324788
16.30071132832068 16.827832730004882
2.775053604396088 12.22267000309053
3.225299499910623 10.674489006950699
6.655708875569407 14.293985333305763
0.5391981131070105 2.249873761110273
3.6168654295747116 17.76728709088571
16.78062619118134 6.809521022451017
1.2653931396540135 12.007945229160232
9.652984985209203 11.420843853460633
14.119660744066703 13.441209797383127
15.541326188505638 5.905223777355589
10.10430539524102 5.792399893957717
11.400781747092266 2.646362355031457
10.959482294899574 11.49740912574689
11.872705572512032 16.200921177699236
7.521755549308888 12.851968417310406
2.1429334076653817 18.055331910257937
11.683410412313208 3.3896128851882055
11.742965064163384 15.438873528414183
1.7031161520348868 9.917465424627137
9.94791030053979 13.692500155957857
7.247586984819335 10.992116520602567
10.501629927001908 3.7037100209998317
10.920416486216963 9.230011022099115
1.040404892182258 15.808385201988623
6.172347443428255 12.718990076047593
10.324272746066118 10.688158334103424
3.335522311231173 13.88864128198274
9.115266141076695 5.471862819391419
8.33003931350984 11.731163602495997
5.325273959705619 10.221876650363281
12.585089499652373 6.871541353252567
16.1128898530643 19.467682503496896
18.755820352550202 5.454820494075212
18.672616570841438 11.752587112399564
2.825894570377547 13.795839250179986
10.730357841105375 1.5305241086046255
13.42210073432225 16.626189589334295
6.760297845502156 16.015853504311675
5.911455602139144 10.531448873289508
19.041874663081817 18.669615853988432
17.060862587055865 8.45123511156869
18.44277399629754 19.093872375883493
3.6166835077966955 8.63286260250342
7.907627000710215 1.5990460555501058
11.203552217515147 1.8128914310441795
18.198780576484122 0.9057725004651204
19.715028858238515 14.716781424219144
16.809328793908804 10.222789663892385
19.522419205990342 10.973170701024685
3.2592474047283777 2.8734553335910227
13.698064900158103 18.19180003832626
17.477472973024284 18.448972135417335
9.088905389542003 3.122989802567174
5.487611289951399 0.9251435581529557
10.613551123274886 17.666177635360718
9.162382613565198 6.275719216873713
