200
20.0
0.2519209712618013 0
0.25691831428226314 0
0.23362208154171527 0
0.2578624421846756 0
0.24766903386860706 0
0.24147901801354985 0
0.2393904114553616 0
0.2432365290578605 0
0.24792077813569452 0
0.25504983255077585 0
0.25738828344204917 0
0.2359006759854174 0
0.2533551619998894 0
0.2580227981604128 0
0.2376963947061449 0
0.24231027408999578 0
0.25471593149522204 0
0.25171998828380665 0
0.2522542459026634 0
0.24086644054767092 0
0.2383535901006984 0
0.242870963714664 0
0.24864443187081087 0
0.23016227893077373 0
0.2445954759571797 0
0.23591025948466188 0
0.24240280216233417 0
0.24902942623343516 0
0.23677472116268802 0
0.23542298381398932 0
0.24212034957096298 0
0.25287756226039454 0
0.24437305395066 0
0.24036422586437797 0
0.2399200577257753 0
0.25818749327767104 0
0.24797138898917445 0
0.2492415428603522 0
0.2319871064154279 0
0.23931780041607034 0
0.24432854748458213 0
0.23495270922674402 0
0.23311116443524424 0
0.2437081372765481 0
0.23485036486063407 0
0.2496636587627178 0
0.25282760007980776 0
0.23630154857105604 0
0.25847408274209976 0
0.2566068362457348 0
0.23916007868842695 0
0.23424697184155346 0
0.2426986482369801 0
0.23180515535145446 0
0.23649579066794338 0
0.24976465977130588 0
0.24383762433108508 0
0.24972204384508634 0
0.24165355942528405 0
0.2521392694750707 0
0.2493117857423282 0
0.25840094997697416 0
0.2524716928034729 0
0.25064535402729043 0
0.23151958013134805 0
0.2345767013442148 0
0.2392399014058318 0
0.24082165317858473 0
0.252104088777709 0
0.2343527707618314 0
0.24910792092996814 0
0.2509284596130609 0
0.23981953750115903 0
0.25099916941404227 0
0.2512518209403148 0
0.24894365263839954 0
0.2446101412484179 0
0.2368665678625554 0
0.2491793965925734 0
0.23977074409104743 0
0.23735202760408117 0
0.2472405485051275 0
0.2429700517454629 0
0.23163854657603275 0
0.23436436464587007 0
0.24003843790222368 0
0.24704215500164972 0
0.23843504538279026 0
0.24288974694215748 0
0.24271643621529715 0
0.2528004136575063 0
0.2588176961098272 0
0.23893854784804483 0
0.2586254471497291 0
0.24577117490448538 0
0.24568785041779906 0
0.2478351008676746 0
0.23127557477219085 0
0.24232949973892795 0
0.2366057055398928 0
0.23238968445406535 0
0.23792039724799977 0
0.2563917501723549 0
0.2516256538389771 0
0.23027717932026326 0
0.24857943317023531 0
0.25318416022984125 0
0.23814381250046224 0
0.24908592869311313 0
0.23566086242155018 0
0.23510174001539091 0
0.2350820132033466 0
0.2518803515888372 0
0.23085571911235553 0
0.25301623148471775 0
0.24326917717001886 0
0.2542428633442272 0
0.2450480899642629 0
0.2571065795825432 0
0.24076229000476487 0
0.23186486603285775 0
0.23986695781440232 0
0.25483286788996506 0
0.2335985494180434 0
0.25761568311650207 0
0.24103402653654657 0
0.2391590370714836 0
0.24634702722379603 0
0.2524744015059105 0
0.23285010846791884 0
0.24075930277329569 0
0.2570627257852327 0
0.23125810303984487 0
0.2528973655533918 0
0.2550480118887279 0
0.24830026571981592 0
0.24724381033516232 0
0.23508571730944963 0
0.25156650044541246 0
0.2482132297972031 0
0.2564965988099792 0
0.2332093396008559 0
0.23016978166530003 0
0.2466594978247365 0
0.24753409528417702 0
0.24413242009202218 0
0.24396203886587325 0
0.23307451293218776 0
0.2528692357319717 0
0.25635617972137886 0
0.23187850240786978 0
0.23753618564221796 0
0.24535609445395762 0
0.2599248482204386 0
0.2435254724744735 0
0.23217697690855055 0
0.258956734685744 0
0.23741326276072075 0
0.23261222042059068 0
0.24157766898691013 0
0.24726303810484151 0
0.25405665787312703 0
0.25926777247960325 0
0.25490394932178395 0
0.25489839930315866 0
0.24835620526563484 0
0.23264448984821454 0
0.25238146858518257 0
0.23945673295451547 0
0.2442086266345513 0
0.2569718186806269 0
0.23804720172791563 0
0.2534988410213891 0
0.2556714110515618 0
0.2346398573149214 0
0.24092750293258827 0
0.23865711114610327 0
0.23386079763230067 0
0.23443821762413775 0
0.23699055631674415 0
0.2489187450298989 0
0.23366618823187535 0
0.2586707311862893 0
0.25040470035735407 0
0.24869384107294906 0
0.2532172542083396 0
0.23642006145923894 0
0.23831712453025597 0
0.24785440052665825 0
0.2459476139586696 0
0.2308294929293198 0
0.23724078736473758 0
0.23063534582332562 0
0.24074401844406063 0
0.2572162711387867 0
0.25497705054666797 0
0.23745562994475136 0
0.2490152215386088 0
0.23478256166393474 0
0.2313648588900834 0
