1,11,75
2,81,95
3,74,83
4,23,85
5,97
6,29
7,58,62
8,17,40,82
9,91
10,26,36
11,1,75
12,16
13,32,41
14,85,92
15,94
16,12,67
17,8,35,82
18
19
20,22,57,64
21,80
22,20,64
23,4
24,44
25,90
26,10,36
27,72,100
28,88,97
29,6
30
31,88
32,13,41,58,99
33,38
34,99
35,17
36,10,26
37,55
38,33
39,40,47,82
40,8,39,47,82
41,13,32
42,43
43,42
44,24
45
46
47,39,40
48
49
50
51
52,57,70,73
53
54
55,37,72,100
56,61,66,80,89
57,20,52,70
58,7,32,62
59,69,73
60
61,56,66
62,7,58
63
64,20,22
65,73,83
66,56,61
67,16
68
69,59
70,52,57
71,79
72,27,55,100
73,52,59,65
74,3,83
75,1,11
76
77
78,93
79,71
80,21,56,89
81,2
82,8,17,39,40
83,3,65,74
84,86
85,4,14
86,84,96
87
88,28,31
89,56,80
90,25
91,9
92,14
93,78
94,15
95,2
96,86
97,5,28
98
99,32,34
100,27,55,72
