# phi=1.6180339887498949; boca=d/phi^2=0.076393202250 m
# Tabique desde (r,W/phi) hasta (L-boca,W/2); R=r.
0.017500000000 0.420263112350 0.017500000000
0.054370226592 0.417587675272 0.017500000000
0.091240453183 0.414912238193 0.017500000000
0.128110679775 0.412236801115 0.017500000000
0.164980906367 0.409561364037 0.017500000000
0.201851132958 0.406885926958 0.017500000000
0.238721359550 0.404210489880 0.017500000000
0.275591586142 0.401535052802 0.017500000000
0.312461812733 0.398859615723 0.017500000000
0.349332039325 0.396184178645 0.017500000000
0.386202265917 0.393508741567 0.017500000000
0.423072492508 0.390833304488 0.017500000000
0.459942719100 0.388157867410 0.017500000000
0.496812945692 0.385482430332 0.017500000000
0.533683172283 0.382806993253 0.017500000000
0.570553398875 0.380131556175 0.017500000000
0.607423625467 0.377456119097 0.017500000000
0.644293852058 0.374780682018 0.017500000000
0.681164078650 0.372105244940 0.017500000000
0.718034305242 0.369429807862 0.017500000000
0.754904531833 0.366754370783 0.017500000000
0.791774758425 0.364078933705 0.017500000000
0.828644985017 0.361403496627 0.017500000000
0.865515211608 0.358728059548 0.017500000000
0.902385438200 0.356052622470 0.017500000000
0.939255664792 0.353377185392 0.017500000000
0.976125891383 0.350701748313 0.017500000000
1.012996117975 0.348026311235 0.017500000000
1.049866344567 0.345350874157 0.017500000000
1.086736571158 0.342675437078 0.017500000000
1.123606797750 0.340000000000 0.017500000000
