# phi=1.6180339887498949; boca=d/phi^3=0.047213595500 m
# Tabique desde (r,W/phi) hasta (L-boca,W/2); R=r.
0.017500000000 0.420263112350 0.017500000000
0.055342880150 0.417587675272 0.017500000000
0.093185760300 0.414912238193 0.017500000000
0.131028640450 0.412236801115 0.017500000000
0.168871520600 0.409561364037 0.017500000000
0.206714400750 0.406885926958 0.017500000000
0.244557280900 0.404210489880 0.017500000000
0.282400161050 0.401535052802 0.017500000000
0.320243041200 0.398859615723 0.017500000000
0.358085921350 0.396184178645 0.017500000000
0.395928801500 0.393508741567 0.017500000000
0.433771681650 0.390833304488 0.017500000000
0.471614561800 0.388157867410 0.017500000000
0.509457441950 0.385482430332 0.017500000000
0.547300322100 0.382806993253 0.017500000000
0.585143202250 0.380131556175 0.017500000000
0.622986082400 0.377456119097 0.017500000000
0.660828962550 0.374780682018 0.017500000000
0.698671842700 0.372105244940 0.017500000000
0.736514722850 0.369429807862 0.017500000000
0.774357603000 0.366754370783 0.017500000000
0.812200483150 0.364078933705 0.017500000000
0.850043363300 0.361403496627 0.017500000000
0.887886243450 0.358728059548 0.017500000000
0.925729123600 0.356052622470 0.017500000000
0.963572003750 0.353377185392 0.017500000000
1.001414883900 0.350701748313 0.017500000000
1.039257764050 0.348026311235 0.017500000000
1.077100644200 0.345350874157 0.017500000000
1.114943524350 0.342675437078 0.017500000000
1.152786404500 0.340000000000 0.017500000000
