# phi=1.6180339887498949; boca=d/phi^1=0.123606797750 m
# Tabique desde (r,W/phi) hasta (L-boca,W/2); R=r.
0.017500000000 0.420263112350 0.017500000000
0.055317614366 0.417396572623 0.017500000000
0.093135228732 0.414530032896 0.017500000000
0.130952843098 0.411663493170 0.017500000000
0.168770457464 0.408796953443 0.017500000000
0.206588071830 0.405930413716 0.017500000000
0.244405686196 0.403063873989 0.017500000000
0.282223300563 0.400197334262 0.017500000000
0.320040914929 0.397330794536 0.017500000000
0.357858529295 0.394464254809 0.017500000000
0.395676143661 0.391597715082 0.017500000000
0.433493758027 0.388731175355 0.017500000000
0.471311372393 0.385864635629 0.017500000000
0.509128986759 0.382998095902 0.017500000000
0.546946601125 0.380131556175 0.017500000000
0.584764215491 0.377265016448 0.017500000000
0.622581829857 0.374398476721 0.017500000000
0.660399444223 0.371531936995 0.017500000000
0.698217058589 0.368665397268 0.017500000000
0.736034672955 0.365798857541 0.017500000000
0.773852287321 0.362932317814 0.017500000000
0.811669901688 0.360065778087 0.017500000000
0.849487516054 0.357199238361 0.017500000000
0.887305130420 0.354332698634 0.017500000000
0.925122744786 0.351466158907 0.017500000000
0.962940359152 0.348599619180 0.017500000000
1.000757973518 0.345733079454 0.017500000000
1.038575587884 0.342866539727 0.017500000000
1.076393202250 0.340000000000 0.017500000000
