0.08450000176995709 0.08450000158449612 0.08450000058449612
1.1154999982300429 0.08450000158449612 0.08450000058449612
0.08450000176995709 0.5954999984155039 0.08450000058449611
1.1154999982300429 0.5954999984155039 0.08450000058449611
0.21050000133733904 0.04750000181395349 0.0468202172471842
0.21050000133733904 0.6324999981860465 0.04682021724718419
0.989499998662661 0.6324999981860465 0.046820217247184104
0.989499998662661 0.04750000181395349 0.04682021724718409
0.029500001958798285 0.1845000009643411 0.029500000958798286
0.029500001958798285 0.49449999904186054 0.029500000958798286
1.1704999980412019 0.1845000009643411 0.029500000958798095
1.1704999980412019 0.49449999904186054 0.029500000958798095
0.9184999989064379 0.026500001944186048 0.026284556258884942
0.9184999989064379 0.653499998055814 0.026284556258884942
0.28150000109356227 0.026500001944186048 0.026284556258884834
0.28150000109356227 0.653499998055814 0.026284556258884834
0.07650000179742489 0.18650000095193797 0.017500001
0.07650000179742489 0.4904999990666667 0.017500001
0.1795000014437768 0.12250000134883722 0.017500001
0.1795000014437768 0.5564999986573644 0.017500001
0.3245000009459228 0.017500002 0.017500001
0.3245000009459228 0.662499998 0.017500001
0.8564999991193134 0.017500002 0.017500001
0.8564999991193134 0.662499998 0.017500001
1.0014999986214592 0.11150000141705427 0.017500001
1.0014999986214592 0.5684999985829458 0.017500001
1.117499998223176 0.18650000095193797 0.017500001
1.117499998223176 0.4934999990480621 0.017500001
