# Dos caras concavas )(: ancho máximo exterior=0.701900000 m; R=r=0.0175 m
# Centros extremos x=L/2 +/- a*(1-sqrt(1-((y-W/2)/b)^2)); interior relleno.
# a=0.333450000000; b=0.322499999000; 19 filas horizontales
0.266550000000 0.017500001000 0.017500000000
0.301650000000 0.017500001000 0.017500000000
0.336750000000 0.017500001000 0.017500000000
0.371850000000 0.017500001000 0.017500000000
0.406950000000 0.017500001000 0.017500000000
0.442050000000 0.017500001000 0.017500000000
0.477150000000 0.017500001000 0.017500000000
0.512250000000 0.017500001000 0.017500000000
0.547350000000 0.017500001000 0.017500000000
0.582450000000 0.017500001000 0.017500000000
0.617550000000 0.017500001000 0.017500000000
0.652650000000 0.017500001000 0.017500000000
0.687750000000 0.017500001000 0.017500000000
0.722850000000 0.017500001000 0.017500000000
0.757950000000 0.017500001000 0.017500000000
0.793050000000 0.017500001000 0.017500000000
0.828150000000 0.017500001000 0.017500000000
0.863250000000 0.017500001000 0.017500000000
0.898350000000 0.017500001000 0.017500000000
0.933450000000 0.017500001000 0.017500000000
0.419311063429 0.053333334222 0.017500000000
0.455448850743 0.053333334222 0.017500000000
0.491586638057 0.053333334222 0.017500000000
0.527724425372 0.053333334222 0.017500000000
0.563862212686 0.053333334222 0.017500000000
0.600000000000 0.053333334222 0.017500000000
0.636137787314 0.053333334222 0.017500000000
0.672275574628 0.053333334222 0.017500000000
0.708413361943 0.053333334222 0.017500000000
0.744551149257 0.053333334222 0.017500000000
0.780688936571 0.053333334222 0.017500000000
0.476136449944 0.089166667444 0.017500000000
0.511526035674 0.089166667444 0.017500000000
0.546915621404 0.089166667444 0.017500000000
0.582305207135 0.089166667444 0.017500000000
0.617694792865 0.089166667444 0.017500000000
0.653084378596 0.089166667444 0.017500000000
0.688473964326 0.089166667444 0.017500000000
0.723863550056 0.089166667444 0.017500000000
0.515088955699 0.125000000667 0.017500000000
0.557544477850 0.125000000667 0.017500000000
0.600000000000 0.125000000667 0.017500000000
0.642455522150 0.125000000667 0.017500000000
0.684911044301 0.125000000667 0.017500000000
0.543806812360 0.160833333889 0.017500000000
0.581268937453 0.160833333889 0.017500000000
0.618731062547 0.160833333889 0.017500000000
0.656193187640 0.160833333889 0.017500000000
0.565256649574 0.196666667111 0.017500000000
0.634743350426 0.196666667111 0.017500000000
0.580929674916 0.232500000333 0.017500000000
0.619070325084 0.232500000333 0.017500000000
0.600000000000 0.268333333556 0.017500000000
0.600000000000 0.304166666778 0.017500000000
0.600000000000 0.340000000000 0.017500000000
0.600000000000 0.375833333222 0.017500000000
0.600000000000 0.411666666444 0.017500000000
0.580929674916 0.447499999667 0.017500000000
0.619070325084 0.447499999667 0.017500000000
0.565256649574 0.483333332889 0.017500000000
0.634743350426 0.483333332889 0.017500000000
0.543806812360 0.519166666111 0.017500000000
0.581268937453 0.519166666111 0.017500000000
0.618731062547 0.519166666111 0.017500000000
0.656193187640 0.519166666111 0.017500000000
0.515088955699 0.554999999333 0.017500000000
0.557544477850 0.554999999333 0.017500000000
0.600000000000 0.554999999333 0.017500000000
0.642455522150 0.554999999333 0.017500000000
0.684911044301 0.554999999333 0.017500000000
0.476136449944 0.590833332556 0.017500000000
0.511526035674 0.590833332556 0.017500000000
0.546915621404 0.590833332556 0.017500000000
0.582305207135 0.590833332556 0.017500000000
0.617694792865 0.590833332556 0.017500000000
0.653084378596 0.590833332556 0.017500000000
0.688473964326 0.590833332556 0.017500000000
0.723863550056 0.590833332556 0.017500000000
0.419311063429 0.626666665778 0.017500000000
0.455448850743 0.626666665778 0.017500000000
0.491586638057 0.626666665778 0.017500000000
0.527724425372 0.626666665778 0.017500000000
0.563862212686 0.626666665778 0.017500000000
0.600000000000 0.626666665778 0.017500000000
0.636137787314 0.626666665778 0.017500000000
0.672275574628 0.626666665778 0.017500000000
0.708413361943 0.626666665778 0.017500000000
0.744551149257 0.626666665778 0.017500000000
0.780688936571 0.626666665778 0.017500000000
0.266550000000 0.662499999000 0.017500000000
0.301650000000 0.662499999000 0.017500000000
0.336750000000 0.662499999000 0.017500000000
0.371850000000 0.662499999000 0.017500000000
0.406950000000 0.662499999000 0.017500000000
0.442050000000 0.662499999000 0.017500000000
0.477150000000 0.662499999000 0.017500000000
0.512250000000 0.662499999000 0.017500000000
0.547350000000 0.662499999000 0.017500000000
0.582450000000 0.662499999000 0.017500000000
0.617550000000 0.662499999000 0.017500000000
0.652650000000 0.662499999000 0.017500000000
0.687750000000 0.662499999000 0.017500000000
0.722850000000 0.662499999000 0.017500000000
0.757950000000 0.662499999000 0.017500000000
0.793050000000 0.662499999000 0.017500000000
0.828150000000 0.662499999000 0.017500000000
0.863250000000 0.662499999000 0.017500000000
0.898350000000 0.662499999000 0.017500000000
0.933450000000 0.662499999000 0.017500000000
# Relleno de intersticio cerrado
0.600250000000 0.202750000000 0.017500000000
# Relleno de intersticio cerrado
0.600250000000 0.477250000000 0.017500000000
