# Dos caras concavas )(: ancho máximo exterior=0.350900000 m; R=r=0.0175 m
# Centros extremos x=L/2 +/- a*(1-sqrt(1-((y-W/2)/b)^2)); interior relleno.
# a=0.157950000000; b=0.322499999000; 19 filas horizontales
0.442050000000 0.017500001000 0.017500000000
0.477150000000 0.017500001000 0.017500000000
0.512250000000 0.017500001000 0.017500000000
0.547350000000 0.017500001000 0.017500000000
0.582450000000 0.017500001000 0.017500000000
0.617550000000 0.017500001000 0.017500000000
0.652650000000 0.017500001000 0.017500000000
0.687750000000 0.017500001000 0.017500000000
0.722850000000 0.017500001000 0.017500000000
0.757950000000 0.017500001000 0.017500000000
0.514410503730 0.053333334222 0.017500000000
0.557205251865 0.053333334222 0.017500000000
0.600000000000 0.053333334222 0.017500000000
0.642794748135 0.053333334222 0.017500000000
0.685589496270 0.053333334222 0.017500000000
0.541327792079 0.089166667444 0.017500000000
0.580442597360 0.089166667444 0.017500000000
0.619557402640 0.089166667444 0.017500000000
0.658672207921 0.089166667444 0.017500000000
0.559778979015 0.125000000667 0.017500000000
0.600000000000 0.125000000667 0.017500000000
0.640221020985 0.125000000667 0.017500000000
0.573382174276 0.160833333889 0.017500000000
0.626617825724 0.160833333889 0.017500000000
0.600000000000 0.196666667111 0.017500000000
0.600000000000 0.232500000333 0.017500000000
0.600000000000 0.268333333556 0.017500000000
0.600000000000 0.304166666778 0.017500000000
0.600000000000 0.340000000000 0.017500000000
0.600000000000 0.375833333222 0.017500000000
0.600000000000 0.411666666444 0.017500000000
0.600000000000 0.447499999667 0.017500000000
0.600000000000 0.483333332889 0.017500000000
0.573382174276 0.519166666111 0.017500000000
0.626617825724 0.519166666111 0.017500000000
0.559778979015 0.554999999333 0.017500000000
0.600000000000 0.554999999333 0.017500000000
0.640221020985 0.554999999333 0.017500000000
0.541327792079 0.590833332556 0.017500000000
0.580442597360 0.590833332556 0.017500000000
0.619557402640 0.590833332556 0.017500000000
0.658672207921 0.590833332556 0.017500000000
0.514410503730 0.626666665778 0.017500000000
0.557205251865 0.626666665778 0.017500000000
0.600000000000 0.626666665778 0.017500000000
0.642794748135 0.626666665778 0.017500000000
0.685589496270 0.626666665778 0.017500000000
0.442050000000 0.662499999000 0.017500000000
0.477150000000 0.662499999000 0.017500000000
0.512250000000 0.662499999000 0.017500000000
0.547350000000 0.662499999000 0.017500000000
0.582450000000 0.662499999000 0.017500000000
0.617550000000 0.662499999000 0.017500000000
0.652650000000 0.662499999000 0.017500000000
0.687750000000 0.662499999000 0.017500000000
0.722850000000 0.662499999000 0.017500000000
0.757950000000 0.662499999000 0.017500000000
