# Dos caras concavas )(: ancho máximo exterior=0.280700000 m; R=r=0.0175 m
# Centros extremos x=L/2 +/- a*(1-sqrt(1-((y-W/2)/b)^2)); interior relleno.
# a=0.122850000000; b=0.322499999000; 19 filas horizontales
0.477150000000 0.017500001000 0.017500000000
0.512250000000 0.017500001000 0.017500000000
0.547350000000 0.017500001000 0.017500000000
0.582450000000 0.017500001000 0.017500000000
0.617550000000 0.017500001000 0.017500000000
0.652650000000 0.017500001000 0.017500000000
0.687750000000 0.017500001000 0.017500000000
0.722850000000 0.017500001000 0.017500000000
0.533430391790 0.053333334222 0.017500000000
0.577810130597 0.053333334222 0.017500000000
0.622189869403 0.053333334222 0.017500000000
0.666569608210 0.053333334222 0.017500000000
0.554366060506 0.089166667444 0.017500000000
0.600000000000 0.089166667444 0.017500000000
0.645633939494 0.089166667444 0.017500000000
0.568716983679 0.125000000667 0.017500000000
0.631283016321 0.125000000667 0.017500000000
0.579297246659 0.160833333889 0.017500000000
0.620702753341 0.160833333889 0.017500000000
0.600000000000 0.196666667111 0.017500000000
0.600000000000 0.232500000333 0.017500000000
0.600000000000 0.268333333556 0.017500000000
0.600000000000 0.304166666778 0.017500000000
0.600000000000 0.340000000000 0.017500000000
0.600000000000 0.375833333222 0.017500000000
0.600000000000 0.411666666444 0.017500000000
0.600000000000 0.447499999667 0.017500000000
0.600000000000 0.483333332889 0.017500000000
0.579297246659 0.519166666111 0.017500000000
0.620702753341 0.519166666111 0.017500000000
0.568716983679 0.554999999333 0.017500000000
0.631283016321 0.554999999333 0.017500000000
0.554366060506 0.590833332556 0.017500000000
0.600000000000 0.590833332556 0.017500000000
0.645633939494 0.590833332556 0.017500000000
0.533430391790 0.626666665778 0.017500000000
0.577810130597 0.626666665778 0.017500000000
0.622189869403 0.626666665778 0.017500000000
0.666569608210 0.626666665778 0.017500000000
0.477150000000 0.662499999000 0.017500000000
0.512250000000 0.662499999000 0.017500000000
0.547350000000 0.662499999000 0.017500000000
0.582450000000 0.662499999000 0.017500000000
0.617550000000 0.662499999000 0.017500000000
0.652650000000 0.662499999000 0.017500000000
0.687750000000 0.662499999000 0.017500000000
0.722850000000 0.662499999000 0.017500000000
