# Dos caras concavas )(: ancho máximo exterior=0.561500000 m; R=r=0.0175 m
# Centros extremos x=L/2 +/- a*(1-sqrt(1-((y-W/2)/b)^2)); interior relleno.
# a=0.263250000000; b=0.322499999000; 19 filas horizontales
0.336750000000 0.017500001000 0.017500000000
0.371850000000 0.017500001000 0.017500000000
0.406950000000 0.017500001000 0.017500000000
0.442050000000 0.017500001000 0.017500000000
0.477150000000 0.017500001000 0.017500000000
0.512250000000 0.017500001000 0.017500000000
0.547350000000 0.017500001000 0.017500000000
0.582450000000 0.017500001000 0.017500000000
0.617550000000 0.017500001000 0.017500000000
0.652650000000 0.017500001000 0.017500000000
0.687750000000 0.017500001000 0.017500000000
0.722850000000 0.017500001000 0.017500000000
0.757950000000 0.017500001000 0.017500000000
0.793050000000 0.017500001000 0.017500000000
0.828150000000 0.017500001000 0.017500000000
0.863250000000 0.017500001000 0.017500000000
0.457350839549 0.053333334222 0.017500000000
0.493013129662 0.053333334222 0.017500000000
0.528675419775 0.053333334222 0.017500000000
0.564337709887 0.053333334222 0.017500000000
0.600000000000 0.053333334222 0.017500000000
0.635662290113 0.053333334222 0.017500000000
0.671324580225 0.053333334222 0.017500000000
0.706986870338 0.053333334222 0.017500000000
0.742649160451 0.053333334222 0.017500000000
0.502212986798 0.089166667444 0.017500000000
0.541327792079 0.089166667444 0.017500000000
0.580442597360 0.089166667444 0.017500000000
0.619557402640 0.089166667444 0.017500000000
0.658672207921 0.089166667444 0.017500000000
0.697787013202 0.089166667444 0.017500000000
0.532964965026 0.125000000667 0.017500000000
0.577654988342 0.125000000667 0.017500000000
0.622345011658 0.125000000667 0.017500000000
0.667035034974 0.125000000667 0.017500000000
0.555636957126 0.160833333889 0.017500000000
0.600000000000 0.160833333889 0.017500000000
0.644363042874 0.160833333889 0.017500000000
0.572571039138 0.196666667111 0.017500000000
0.627428960862 0.196666667111 0.017500000000
0.600000000000 0.232500000333 0.017500000000
0.600000000000 0.268333333556 0.017500000000
0.600000000000 0.304166666778 0.017500000000
0.600000000000 0.340000000000 0.017500000000
0.600000000000 0.375833333222 0.017500000000
0.600000000000 0.411666666444 0.017500000000
0.600000000000 0.447499999667 0.017500000000
0.572571039138 0.483333332889 0.017500000000
0.627428960862 0.483333332889 0.017500000000
0.555636957126 0.519166666111 0.017500000000
0.600000000000 0.519166666111 0.017500000000
0.644363042874 0.519166666111 0.017500000000
0.532964965026 0.554999999333 0.017500000000
0.577654988342 0.554999999333 0.017500000000
0.622345011658 0.554999999333 0.017500000000
0.667035034974 0.554999999333 0.017500000000
0.502212986798 0.590833332556 0.017500000000
0.541327792079 0.590833332556 0.017500000000
0.580442597360 0.590833332556 0.017500000000
0.619557402640 0.590833332556 0.017500000000
0.658672207921 0.590833332556 0.017500000000
0.697787013202 0.590833332556 0.017500000000
0.457350839549 0.626666665778 0.017500000000
0.493013129662 0.626666665778 0.017500000000
0.528675419775 0.626666665778 0.017500000000
0.564337709887 0.626666665778 0.017500000000
0.600000000000 0.626666665778 0.017500000000
0.635662290113 0.626666665778 0.017500000000
0.671324580225 0.626666665778 0.017500000000
0.706986870338 0.626666665778 0.017500000000
0.742649160451 0.626666665778 0.017500000000
0.336750000000 0.662499999000 0.017500000000
0.371850000000 0.662499999000 0.017500000000
0.406950000000 0.662499999000 0.017500000000
0.442050000000 0.662499999000 0.017500000000
0.477150000000 0.662499999000 0.017500000000
0.512250000000 0.662499999000 0.017500000000
0.547350000000 0.662499999000 0.017500000000
0.582450000000 0.662499999000 0.017500000000
0.617550000000 0.662499999000 0.017500000000
0.652650000000 0.662499999000 0.017500000000
0.687750000000 0.662499999000 0.017500000000
0.722850000000 0.662499999000 0.017500000000
0.757950000000 0.662499999000 0.017500000000
0.793050000000 0.662499999000 0.017500000000
0.828150000000 0.662499999000 0.017500000000
0.863250000000 0.662499999000 0.017500000000
