# Dos caras concavas )(: ancho máximo exterior=0.210500000 m; R=r=0.0175 m
# Centros extremos x=L/2 +/- a*(1-sqrt(1-((y-W/2)/b)^2)); interior relleno.
# a=0.087750000000; b=0.322499999000; 19 filas horizontales
0.512250000000 0.017500001000 0.017500000000
0.547350000000 0.017500001000 0.017500000000
0.582450000000 0.017500001000 0.017500000000
0.617550000000 0.017500001000 0.017500000000
0.652650000000 0.017500001000 0.017500000000
0.687750000000 0.017500001000 0.017500000000
0.552450279850 0.053333334222 0.017500000000
0.600000000000 0.053333334222 0.017500000000
0.647549720150 0.053333334222 0.017500000000
0.567404328933 0.089166667444 0.017500000000
0.632595671067 0.089166667444 0.017500000000
0.577654988342 0.125000000667 0.017500000000
0.622345011658 0.125000000667 0.017500000000
0.600000000000 0.160833333889 0.017500000000
0.600000000000 0.196666667111 0.017500000000
0.600000000000 0.232500000333 0.017500000000
0.600000000000 0.268333333556 0.017500000000
0.600000000000 0.304166666778 0.017500000000
0.600000000000 0.340000000000 0.017500000000
0.600000000000 0.375833333222 0.017500000000
0.600000000000 0.411666666444 0.017500000000
0.600000000000 0.447499999667 0.017500000000
0.600000000000 0.483333332889 0.017500000000
0.600000000000 0.519166666111 0.017500000000
0.577654988342 0.554999999333 0.017500000000
0.622345011658 0.554999999333 0.017500000000
0.567404328933 0.590833332556 0.017500000000
0.632595671067 0.590833332556 0.017500000000
0.552450279850 0.626666665778 0.017500000000
0.600000000000 0.626666665778 0.017500000000
0.647549720150 0.626666665778 0.017500000000
0.512250000000 0.662499999000 0.017500000000
0.547350000000 0.662499999000 0.017500000000
0.582450000000 0.662499999000 0.017500000000
0.617550000000 0.662499999000 0.017500000000
0.652650000000 0.662499999000 0.017500000000
0.687750000000 0.662499999000 0.017500000000
